set	n_members	p_value	p.adjust	s.PC1	s.PC2
IFH1_direct_activated	124	3.745174663658357e-63	4.606564836299779e-61	0.875206368347762	-0.2894360940034747
RAP1_direct_activated	266	1.3984389511599707e-42	8.60039954963382e-41	0.49235508348075935	-0.1112650652366209
CYC8_direct_activated	145	4.193826211871035e-39	1.7194687468671245e-37	0.6336239660183338	-0.16056954755352063
ABF1_direct_activated	459	7.526094403645068e-39	2.3142740291208583e-37	0.37282770231866913	-0.14923197245022424
SWI4_direct_activated	190	1.4171989897912512e-29	3.486309514886478e-28	0.48960918556554145	-0.18958541339799345
CBF1_direct_activated	45	1.1168431570366224e-26	2.289528471925076e-25	0.8862502126005266	-0.6411303059017914
SWI4_direct_repressed	95	1.4353285090610563e-23	2.522077237350142e-22	-0.605659960203403	0.31352967871812953
CYC8_direct_repressed	202	7.305520855240195e-16	1.12322383149318e-14	-0.3404541541110639	0.1908967391304354
GCN4_SM_direct_activated	73	2.900779822359784e-14	3.964399090558371e-13	0.0255798182557985	0.48054312280543093
STP1_direct_repressed	59	4.811670784054955e-13	5.918355064387595e-12	-0.567850517322782	0.24556753079213758
MSN2_37_direct_activated	26	5.333858481248196e-13	5.964223574486619e-12	-0.8448472259447879	0.24222728491021195
MET32_direct_activated	31	4.335421073941868e-12	4.132311267429405e-11	0.7498259456950581	-0.3344585328804417
SFP1_direct_activated	28	4.367483453380672e-12	4.132311267429405e-11	0.7868814192343645	-0.37483660130718993
CBF1_direct_repressed	127	5.279974870410966e-12	4.6388350647182064e-11	-0.36986483903941086	0.1954056845098766
ROX1_direct_repressed	115	5.987713169470155e-11	4.909924798965526e-10	-0.27439677895895453	0.34171808166536427
MET4_direct_activated	30	4.736618825946002e-10	3.641275722445989e-9	0.679264748619584	-0.15268817204301113
MIG1_direct_repressed	65	1.542907732065586e-9	1.1163391237886299e-08	-0.4098362871479472	0.3525621314771321
NRG1_direct_repressed	27	6.468266335172089e-9	4.4199819957009274e-8	-0.6696596400364646	0.1441709625111931
RTG3_direct_activated	35	1.5087469166307278e-8	9.767151091872607e-8	-0.23514853028272498	0.5869704809700445
ABF1_direct_repressed	66	1.863923306518427e-8	1.1463128335088328e-7	-0.42470176279490907	0.20465196783298623
STP1_direct_activated	28	2.9033886711073218e-8	1.7005562216485742e-7	0.6437286025521287	-0.2509803921568639
GAT2_direct_repressed	41	1.5500801110592731e-7	8.666356984558664e-7	-0.234241195372409	0.5052889047570832
MSA2_direct_repressed	23	6.302865274830911e-7	3.370662733931313e-6	-0.6429199981075848	0.29331503997729097
ERT1_direct_repressed	11	6.901932027030313e-7	3.5372401638530353e-6	0.19288829251928655	0.7538922982812712
FZF1_direct_activated	25	8.143383994712065e-7	4.006544925398336e-6	-0.61147833659917	0.2140561724363171
NRM1_direct_activated	20	3.283939754874062e-6	1.5535561148058063e-5	0.6225315354501961	-0.0795128316659422
HSF1_37_direct_repressed	17	8.584621915306723e-6	3.910772205861952e-5	-0.6717337663167817	0.19181252157459325
PDR1_direct_activated	8	1.4109123559953356e-5	6.19793642097951e-5	-0.7481019522776605	-0.258731019522776
RTG1_direct_activated	21	1.5118803832990594e-5	6.412458177440838e-5	-0.33998363321835434	0.5829371121953242
VHR1_direct_repressed	20	1.8271665974785937e-5	7.491383049662234e-5	0.017268377555463135	0.546215745976512
REB1_direct_repressed	42	2.4511418449019314e-5	9.725498287836695e-5	-0.4113490675990688	0.1427426739926748
RAP1_direct_repressed	66	3.232208610389232e-5	1.242380184618361e-4	-0.2791646695425285	0.2646921765990303
GAT2_direct_activated	37	5.985354098689832e-5	2.2309047095116647e-4	0.4182551903573529	-0.20196817642790166
TYE7_direct_repressed	10	6.751478372311602e-5	2.4424465876303735e-4	-0.7978298611111087	0.2603298611111097
COM2_direct_activated	23	8.023052937848077e-5	2.819530032443753e-4	-0.5182854709750706	0.2767563987320824
MET31_direct_repressed	26	1.6655780517191185e-4	5.690725010040321e-4	-0.47274524256231565	0.1671803805950143
HAA1_direct_repressed	8	1.7435021080457205e-4	5.795966467287125e-4	-0.7820498915401319	0.009164859002169099
ZAP1_direct_repressed	11	3.927455606219328e-4	0.001271255367276256	-0.573455413698524	0.5809933500404533
MET31_direct_activated	27	6.482204432186378e-4	0.00204438755168955	0.4264946715393278	-0.18558855086844703
SUT1_direct_repressed	11	6.832813831264619e-4	0.0021010902531138705	-0.5441719123073535	-0.13262426741914501
TYE7_direct_activated	7	7.788969017292263e-4	0.002336690705187679	0.32949158843758847	0.5621030455122829
MSN4_direct_repressed	9	0.00113496177164487	0.0033238166169599764	-0.7028036932571512	0.19466743810419368
GCN4_direct_activated	9	0.0011844673111459543	0.0033881274249058695	0.11747547069742997	0.5917649044140685
MSA2_direct_activated	56	0.0014080203310345876	0.0039360568344830515	0.2785432454437303	-0.14667752238992893
NRG1_direct_activated	12	0.0018244162026952607	0.004986737620700379	0.5684252424373957	-0.07443190041974158
GCR2_direct_activated	38	0.0029254314826298094	0.007822349399205794	0.21347965984831302	0.13441737531602035
YAP1_direct_repressed	20	0.0029952309729102604	0.007838583184424723	-0.34515006524576214	0.3896041757285783
GLN3_direct_repressed	9	0.0034203109509884336	0.008764546811907862	-0.6452833827535486	0.3216653407584198
HAP3_direct_repressed	8	0.004120105213519103	0.010342304923731626	-0.4109002169197382	0.6574295010845985
GCN4_SM_direct_repressed	6	0.00495162422003511	0.01218099558128637	0.7357617808615188	-0.09186180977161043
AZF1_direct_activated	12	0.005211916792667108	0.012569916970550083	0.5015559415255503	-0.38656100738167676
MSN2_30_direct_activated	6	0.0054544737096162334	0.01290192819774609	-0.7611303845041969	0.3173605088175766
ASG1_direct_activated	13	0.005573774459775378	0.01293536336891267	0.3384448342103024	0.22204961162616063
REB1_direct_activated	276	0.0059831284650348465	0.013550303405445942	0.11382085327672158	-0.032964171990468395
SUM1_direct_repressed	22	0.006059078758532738	0.013550303405445942	-0.38834164095260526	0.0933420365535235
CST6_direct_repressed	13	0.00642044580168117	0.014102050600121142	-0.3030652301010571	0.4965338678693741
SKO1_direct_repressed	36	0.006983400348592826	0.015069442857489783	-0.17675444977933308	0.2977714729133321
MET4_direct_repressed	44	0.0072211826785259624	0.01531388740446023	-0.25785069761895574	0.1897086298048262
DIG1_direct_repressed	31	0.007598932085842234	0.015841841467094827	0.1554955449130451	0.19925174230117337
MIG2_direct_repressed	7	0.00964860070932631	0.019779631454118932	-0.11392012888434122	0.6461876878272453
ZAP1_direct_activated	15	0.011467635282074293	0.023123264585166194	0.37956405242957675	-0.36705047432833676
STB1_direct_activated	13	0.012553198784698969	0.024903926621257632	0.4576463710014233	-0.29775327820930386
HCM1_direct_activated	24	0.013449638332711265	0.02625881769719818	0.29224713394282287	-0.28811130460020423
HAP2_direct_repressed	10	0.014643303229880103	0.028142598394925823	-0.5301215277777821	0.24249131944444552
NDD1_direct_activated	30	0.015109272495858878	0.02815818965137336	-0.0020488230165668334	-0.2797587910491129
SWI6_direct_repressed	61	0.014922495177093972	0.02815818965137336	0.025789903481219883	0.18599020782295025
SWI5_direct_repressed	6	0.01708803394256506	0.03137056977515675	-0.4522983521248901	0.63746747614917465
HSF1_37_direct_activated	36	0.019688186508279762	0.03561245500762369	0.2684659779814707	-0.07547650225520078
GCR2_direct_repressed	18	0.030223220241742513	0.053876175213541	-0.21727053140096758	0.3507971014492763
MET32_direct_repressed	12	0.03086555377863524	0.05423518735388764	-0.42752207265884756	0.26697061803444727
HSF1_30_direct_activated	9	0.031723210089431686	0.05495711043662109	0.20021214531954196	-0.5060389093801997
IXR1_direct_repressed	17	0.032437524419689716	0.05541410421696993	-0.09625784675965099	0.36338647608576097
YRM1_direct_activated	5	0.035827793381800734	0.06036737788988343	-0.14207673964882095	0.653674398439193
FZF1_direct_repressed	12	0.04786294688412559	0.0795559792803709	0.2043711101461824	0.2454407294832828
ERT1_direct_activated	8	0.05795468326587234	0.09504568055603063	-0.4851952277657244	0.23861171366594397
CST6_direct_activated	7	0.05879118318189168	0.09514888857069312	-0.5076989806983283	0.10059794900393579
PHO2_direct_repressed	5	0.060192507048567045	0.09615166710355515	0.22133102102753177	0.43472794277043264
DAL81_direct_repressed	7	0.061403731144245764	0.09682896065054139	-0.06645599033367441	0.495430182482883
HAP3_direct_activated	7	0.08777400692263132	0.13666079558840066	-0.47993927564519606	0.23047371193109645
OPI1_direct_repressed	19	0.09168413630490284	0.1409643595687881	-0.2534303796019769	-0.028049575994780387
YRR1_direct_activated	5	0.09781387096289576	0.14853217442513802	0.5157164535009746	-0.013396921742901203
STE12_direct_activated	15	0.09910981878255634	0.14866472817383453	0.2999637917300298	-0.015164023462958413
GAL80_direct_repressed	8	0.10461282201988108	0.15502863986078763	-0.35873101952277797	0.3676789587852507
RTG3_direct_repressed	24	0.11288656084897067	0.16529817838599276	-0.23844507328399514	0.037022928457408004
IXR1_direct_activated	30	0.11826578424175017	0.17113754660865024	0.02183958151699943	-0.2080063934902638
SOK2_direct_repressed	21	0.12620257313571753	0.18049902901968903	-0.25692739571356	0.10600080798035873
HSF1_30_direct_repressed	5	0.12931792101683853	0.18282878488587517	-0.20676349447214623	0.5225666594407103
DIG2_direct_activated	9	0.1343040515255468	0.18772043565502564	0.3652515609556207	-0.26076999108025256
FHL1_direct_activated	7	0.14632915276219546	0.19778555812912135	0.35068314899154174	-0.36555441955572215
AZF1_direct_repressed	32	0.14555824177456653	0.19778555812912135	-0.020347252507629768	0.19147950283471274
NRM1_direct_repressed	36	0.14376024374022087	0.19778555812912135	-0.1890368107085662	0.09562781900189078
ASG1_direct_repressed	7	0.23392968015953655	0.31275381151764126	0.3718747095454946	-0.16528797595811173
YAP1_direct_activated	36	0.25428394821651856	0.3363110282863632	-0.1597191910373928	0.05710752218827452
BAS1_direct_activated	10	0.28570035701666363	0.3738419565218046	-0.24470486111110856	-0.04357638888889046
FHL1_direct_repressed	7	0.3003042764312554	0.38881501053730966	0.1245159091613219	0.238900765250796
SOK2_direct_activated	9	0.3383548453056844	0.4335171455479081	-0.00981172102890233	0.2637110966466563
MCM1_direct_repressed	9	0.40471608703795386	0.507959986792534	-0.15484197584436094	0.252428822834552
NDD1_direct_repressed	5	0.40328015609377943	0.507959986792534	-0.12794277043139168	0.3480164751788443
SWI6_direct_activated	26	0.4142789356054062	0.5147101927218682	0.1028042079871383	0.05992026266416586
MBP1_direct_repressed	74	0.45383506926462247	0.5582171351954857	-0.03298677198325216	-0.05865174153026126
CUP2_direct_repressed	5	0.4601764553984218	0.5604129110297612	-0.28887925428137573	0.24587036635595141
MCM1_direct_activated	32	0.49407519545713985	0.5714563299384244	0.10857773658961992	-0.0937363715656341
WHI5_direct_activated	10	0.4829710804405811	0.5714563299384244	0.10451388888889149	0.13615451388889036
HCM1_direct_repressed	11	0.49712054718220666	0.5714563299384244	-0.07007123547170997	0.20567515835586284
LEU3_direct_repressed	7	0.4845547612732654	0.5714563299384244	-0.21523065960280918	-0.052266319670353056
SFL1_direct_repressed	22	0.49255809878140894	0.5714563299384244	-0.14686684073107015	0.05736213308014734
STE12_direct_repressed	9	0.4761621914779695	0.5714563299384244	-0.16409922615173533	-0.08811262987873925
DAL81_direct_activated	5	0.5743668829723216	0.6541400611629218	0.24335573379579414	0.01417732495122607
MSN4_direct_activated	12	0.5853331133927504	0.6605135132780577	0.16970618034448193	-0.09759009986973491
LEU3_direct_activated	28	0.67864865181377	0.758852583391761	0.09469343292873043	-0.02139744786803507
ARG80_direct_repressed	8	0.6936404911205358	0.7686286523227559	-0.01713665943600808	0.16626898047722277
PHO2_direct_activated	11	0.7111742902999991	0.7810217652401776	0.1372417467490182	-0.015174536772106005
MIG1_direct_activated	7	0.7525075426459032	0.8191011304906733	-0.16014499488799674	0.02872014127707008
VHR1_direct_activated	5	0.7716933124040742	0.8326164686465012	0.051116410145244054	-0.1843919358335141
WHI5_direct_repressed	20	0.793680041743118	0.8488925663861175	0.047216180948239574	0.049130056546324505
HAA1_direct_activated	6	0.8536667720681983	0.9009266374359858	-0.1255420641804019	0.08969355305001428
HAP2_direct_activated	8	0.8569789965854498	0.9009266374359858	-0.026681127982649613	-0.09045553145336224
SWI5_direct_activated	19	0.8692072287259551	0.9060380435024787	-0.06343484281480014	-0.002368936038725175
MSN2_37_direct_repressed	5	0.8855245179290117	0.9152900479434323	0.12126598742683993	-0.08441361370041162
GLN3_direct_activated	11	0.916241216311274	0.9391472467190557	-0.041379718610025325	-0.03845926159796235
INO2_direct_activated	45	0.9421806209953703	0.9577538544002524	-4.519279830923683e-4	-0.027178851714167042
PHO4_direct_activated	8	0.986616960599604	0.9947039848668138	0.009056399132321211	0.025976138828632332
CUP2_direct_activated	5	0.9951325895257372	0.9951325895257372	0.0078473878170363	0.019119878603946414
