set	n_members	p_value	p.adjust	s.PC1	s.PC2
Dot6_Tod6_activated	1389	0	0	0.7613429946973087	-0.3105578249311443
CYC8_activated	1231	3e-323	2.875e-321	0.6830040411119392	-0.32084423718825444
Dot6_Tod6_repressed	2461	7.962275818546643e-263	5.148938362660163e-261	-0.5550029698342831	0.21077647650119893
CYC8_repressed	966	1.578857649577498e-210	7.657459600450865e-209	-0.6167394025565851	0.23226701271489222
SWI4_activated	564	4.109577718566147e-124	1.594516154803665e-122	0.5889000269412568	-0.34166675413828185
MET4_activated	335	9.589987925556069e-119	3.1007627625964623e-117	0.7373719773767162	-0.37019594997229666
RAP1_activated	728	6.476164113136268e-108	1.794822625640623e-106	0.5014661431113889	-0.14920901720387542
SWI4_repressed	385	2.3973059507272414e-101	5.813466930513561e-100	-0.6372374141332353	0.16063950224120355
NRG1_activated	282	2.4616464306043186e-99	5.3062156393026425e-98	0.7329433932637223	-0.37331036874198636
MET31_activated	306	3.308059292088235e-93	6.417635026651176e-92	0.6684158511889619	-0.42130336983278144
CBF1_activated	139	1.788164807425974e-80	3.1536724785512636e-79	0.8600053647637819	-0.6794569702576849
REB1_repressed	359	7.185755091929266e-75	1.1616970731952314e-73	-0.5687127570584556	0.1450371194933105
ABF1_activated	905	1.7150682028858695e-68	2.559409471998913e-67	0.37141505208666475	-0.16640741132023754
MET32_activated	163	4.069543677683519e-61	5.639224810504305e-60	0.7563556491981862	-0.28390655016422006
NRM1_activated	229	3.216555701428556e-59	4.1600787071809324e-58	0.6326425432378115	-0.27861535537931875
GAT2_activated	433	7.066642138971939e-57	8.568303593503476e-56	0.45818150714224626	-0.24010584375629404
IFH1_activated	377	8.6756124921933e-54	9.900404844032355e-53	0.47202157541293516	-0.11514913466307578
SFP1_activated	125	2.8469241910983403e-52	3.068351628183767e-51	0.793873135989313	-0.37817582906743885
MSA2_repressed	158	1.1230898871376975e-50	1.1467338847616491e-49	-0.6991911222114988	0.2430833853664074
ABF1_repressed	283	1.1433078174594152e-47	1.1090085829356326e-46	-0.514638430720448	0.1898614694266806
HCM1_activated	242	1.6417813571569323e-46	1.5166932537544993e-45	0.53547902156012706	-0.3190109084865618
GCR2_activated	395	1.5670255602825935e-44	1.3818316304310143e-43	0.4268853205921751	-0.16538905391511793
REB1_activated	715	1.8237450250612554e-41	1.5382892820081894e-40	0.3165121324998337	-0.15970680613263186
STP1_repressed	154	1.3781005838566967e-40	1.1139646386174965e-39	-0.6324361122748249	0.20088849322720273
RAP1_repressed	451	3.3864185194520626e-40	2.6278607710948005e-39	-0.37997261771165136	0.11425267796757982
CBF1_repressed	218	1.7189710358250121e-38	1.2826168498078937e-37	-0.5212489574645552	0.16393452877397752
MSA2_activated	161	7.368896995531204e-35	5.294688952344643e-34	0.5678094476272211	-0.3157779583236361
STP1_activated	166	2.3246318807439896e-33	1.6106378030869071e-32	0.5348482880308288	-0.350396193940181
HCM1_repressed	207	8.55663760125395e-29	5.724095498769884e-28	-0.4512116721809886	0.2786106757699509
MET4_repressed	146	3.8212232287928754e-27	2.4710576879527262e-26	-0.5243218075330239	0.1261456367780032
GLN3_activated	102	4.551796555361553e-26	2.848543650774649e-25	0.6006095972489979	-0.3842286250195376
GCR2_repressed	267	6.1206657312351e-25	3.71065359956128e-24	-0.3790828575289887	0.19637054463350398
MET31_repressed	95	7.905856664074104e-25	4.647685432819322e-24	-0.6133353503147688	0.12615986129373885
TYE7_repressed	78	1.159294555185436e-23	6.61479834429337e-23	-0.6414322828419776	0.06722015136112147
NRG1_repressed	114	6.411837430121627e-22	3.553989889838845e-21	-0.5378844535851147	0.23345719983795976
GAT2_repressed	224	4.437753454850698e-20	2.3914560284473205e-19	-0.36291371350543017	0.21876015995838535
LEU3_activated	510	1.8679628013073801e-19	9.794183336584641e-19	0.24995035989079142	-0.11712870152929775
ZAP1_repressed	74	3.0766707223294717e-19	1.5707213687682042e-18	-0.616226922344883	0.1689248667681775
MSN4_activated	66	5.909190356397189e-19	2.9394434080539866e-18	0.6509825850774859	-0.3084092240506992
FZF1_activated	65	3.71764224558462e-15	1.8030564891085404e-14	-0.5663991620064524	0.08902667725421967
IFH1_repressed	165	6.8420798545338765e-15	3.237471931169688e-14	-0.35627190385780044	0.22887532409203343
MSN2_37_activated	46	1.5970916325565905e-14	7.377042302761393e-14	-0.6797044391190229	0.2834455475674223
MET32_repressed	49	2.997159984787076e-13	1.3522070629039366e-12	-0.6100160353044698	0.3807335146796726
USV1_activated	127	1.0121836830264588e-12	4.462809875162114e-12	0.37678331290753164	-0.07795643781000254
MIG1_repressed	121	1.3235049573497744e-12	5.705776927241249e-12	-0.3741355577731311	0.25802509294534165
ROX1_repressed	148	3.363178995595354e-12	1.4183841850989102e-11	-0.24393856944192258	0.3273172501360415
SKO1_activated	60	6.22926080683903e-12	2.5712268011207908e-11	-0.5302544975866605	0.13101506508702657
HSF1_37_repressed	30	4.3423415530095675e-11	1.7550297110080336e-10	-0.6933304272013973	0.0714472537053187
GCN4_SM_repressed	58	1.044981701260332e-10	4.1372744907041716e-10	0.510034785238962	-0.27648971566848063
GLN3_repressed	53	7.656841142798858e-10	2.970854363405957e-9	-0.5120130608196083	0.262171154601252
GAL80_repressed	120	2.0680251955550627e-9	7.866605645836905e-9	-0.31696680005928274	0.23204387135022836
TYE7_activated	50	2.1847227232971853e-9	8.1506963138395e-9	0.516348511383539	-0.17493870402802117
ERT1_activated	128	1.4354758044903935e-8	5.254383133417667e-8	-0.17854259465479289	-0.16134813474387547
GCN4_SM_activated	148	1.967992992751701e-8	7.070197048033889e-8	-0.11331398512606652	0.2868915895761537
HAA1_repressed	22	5.41334809571148e-8	1.9094355101236857e-7	-0.6750138460321217	0.06064562069783824
GAL80_activated	167	5.804679343964207e-8	2.0109067727304576e-7	0.22572738145367047	-0.21280422753683692
RTG3_activated	57	9.57923088876283e-8	3.260299635824542e-7	-0.24711801428588073	0.4290341068632992
RTG1_activated	37	1.7158979909007806e-7	5.739382935081922e-7	-0.3516699410609013	0.5056195684879397
PHO4_repressed	25	2.9463358987455043e-7	9.68795193824793e-7	-0.6198911386893106	0.12564337034617862
MGA1_repressed	38	4.363714680454766e-7	1.410934413347041e-6	-0.5079177200643502	0.2222017926913355
LEU3_repressed	226	9.138345018668212e-7	2.906293333805956e-6	-0.20538751067910818	0.108846333639601
NRM1_repressed	83	9.392624555413542e-7	2.938982522177786e-6	-0.3362999960149272	0.12352386392316866
MSN4_repressed	42	1.7814674080712238e-6	5.4857885264415466e-6	-0.44580419580419545	0.07459207459207341
ASG1_activated	50	2.2963544633712116e-6	6.960824467093985e-6	0.25190893169877676	0.20471978984238218
AZF1_activated	24	3.9465610068832875e-6	1.1778966697467043e-5	0.5464736612973461	-0.4197141198664923
FZF1_repressed	62	4.930450014466745e-6	1.449253489100831e-5	0.36446090231952166	-0.15455691183550901
ERT1_repressed	121	5.154440074204173e-6	1.492479663277029e-5	-0.06039104122674525	0.2579956885857788
OPI1_activated	12	7.192566284442575e-6	2.051996851738029e-5	0.8065566652192824	-0.403965841655812
SUT1_repressed	24	7.778260682463992e-6	2.1869312643449487e-5	-0.4652082426353213	-0.11970323610506574
HSF1_37_activated	57	7.935687638507512e-6	2.1993191455292247e-5	0.34481896475457235	-0.00872000215403606
FHL1_repressed	78	9.309145608361631e-6	2.543625701439657e-5	-0.23998079746978226	0.2859482661244772
ARO80_repressed	52	1.1509170731457366e-5	3.1010821137537905e-5	0.3054179723036513	0.09051854846861386
CUP2_repressed	61	4.888859646106284e-5	1.299231193622766e-4	-0.3055972256697494	0.23960615446601613
STB1_activated	26	5.394642736243499e-5	1.4142712038259984e-4	0.5027472527472542	-0.18577459126239565
ZAP1_activated	84	8.76426486606248e-5	2.2670231786881613e-4	0.24987396811393678	-0.20441846787237095
PIP2_activated	15	1.1262253641466173e-4	2.874838429532155e-4	0.6076761532333962	-0.0704033601274524
HAA1_activated	18	1.560410302060228e-4	3.9314233584374574e-4	0.5251207729468648	-0.41461352657004874
VHR1_repressed	32	2.0455449232003993e-4	5.087637373088173e-4	-0.004183929350197886	0.38827409507195726
GAL4_activated	30	2.07576721735458e-4	5.097453672997323e-4	0.4052455681487912	-0.016666666666666576
MGA1_activated	31	2.4737770936649584e-4	5.998909452137524e-4	0.41195665168744333	-0.25601805945273126
DIG2_repressed	17	2.90987320514194e-4	6.969325948117732e-4	-0.5566181264942445	0.31582648273393205
KAR4_activated	10	3.1754404438013055e-4	7.512627391432356e-4	0.7320312499999999	-0.25525173611110963
YNR063W_repressed	39	3.379979635663594e-4	7.900193365285991e-4	-0.3103521651239518	0.31050895671992046
SOK2_repressed	71	3.6452374841102055e-4	8.319718493145646e-4	-0.2724749641459927	0.0776583848815343
YAP1_repressed	47	3.615732724449361e-4	8.319718493145646e-4	-0.21694121589856963	0.3229471645945525
SFL1_activated	19	4.470236407259297e-4	0.001008402166288725	0.49618338082649194	-0.3442968150971024
GAL4_repressed	31	4.56934400967084e-4	0.001018911192961084	-0.3982010872240583	0.24023713580455383
POG1_repressed	6	5.261894772939778e-4	0.0011600086203980874	-0.6814830875975738	-0.2881613183000867
SUM1_repressed	34	7.147250928587962e-4	0.001557940090051758	-0.3497715840262805	0.008443691612771753
STE12_repressed	21	9.664272188765212e-4	0.00208318756068939	-0.4684939453266657	0.14965246485803255
CST6_repressed	38	0.0014276186472063873	0.0030434946984399906	-0.16141116984601286	0.3391519190990578
USV1_repressed	19	0.0018917409533906022	0.003989105923454096	-0.43275998214714656	0.34090935100307707
SKO1_repressed	80	0.001956179560384661	0.004080632631340046	0.02359519612164224	0.20011568973115754
COM2_activated	39	0.002243722163360753	0.0046306606350211285	-0.30935541854956317	0.21260380443608284
SFP1_repressed	19	0.0026672135640199305	0.005446730857051227	-0.37018344949130394	-0.09710348931689959
KAR4_repressed	12	0.0029510080222162308	0.005963495378228633	-0.41055145462440346	0.5259806050079607
CRZ1_activated	8	0.003160329687460486	0.006256162850687084	-0.6838394793926208	0.17060737527114833
DIG2_activated	85	0.0031385192020067084	0.006256162850687084	0.21138318994043934	-0.11822582110276159
DIG1_repressed	42	0.003712500990966699	0.007275001941894339	0.13943348318348675	0.18689643689643762
POG1_activated	15	0.004204161545528799	0.00815607339832587	0.4687232964008972	-0.04523137084510087
AFT2_repressed	18	0.004315635427869209	0.008289438346600262	-0.4497584541062807	0.18847826086956393
SOK2_activated	30	0.004497175542184501	0.008553451521409737	-0.21044754431850826	0.3377506538796853
PDR1_activated	16	0.005156768767895069	0.009712748941472265	0.011082138200783038	-0.43426770969143885
SWI5_repressed	36	0.005630295262537359	0.010502666162810073	-0.30564042873077985	0.1742688782191184
RIM101_repressed	6	0.00647274692412794	0.011959170507436384	-0.5497976293726484	0.6857473258167094
STB1_repressed	10	0.008203536985234452	0.015014020520146073	-0.561328125	0.15555555555555445
YAP1_activated	72	0.00862299787778823	0.015634220451316978	0.15294886835801666	-0.19496382656303593
DIG1_activated	8	0.008954953420339784	0.016085749662462203	0.619631236442518	-0.15845986984815788
GCN4_activated	11	0.011097396272656318	0.019751329145828677	0.029500562385303155	0.46654300767606666
MSN2_30_activated	10	0.012009847338520094	0.02118100348793544	-0.514366319444445	0.3666666666666664
HAP2_repressed	28	0.013556999690108361	0.0236942156746038	-0.32002801120447993	0.15015561780267614
ROX1_activated	8	0.015152216422825729	0.02624580344668028	0.38595444685465957	-0.5650216919739683
HAP3_activated	15	0.01534806952512665	0.026304145087758826	-0.41333912665652667	0.051951625751320854
YKL222C_repressed	54	0.015457074948476836	0.026304145087758826	-0.22219787710584957	0.1365761028337712
SWI6_repressed	90	0.01582142367596635	0.02669005385336932	0.01049764428739458	0.15768060463290343
NDD1_activated	121	0.020121120558498937	0.03365083955473098	0.07757421384687917	-0.14724784383344558
PDC2_activated	7	0.021211564810739627	0.03517131259216656	-0.22582643987979023	0.605911330049262
MBP1_activated	17	0.02147230165301309	0.035301919666818136	0.2830203152767275	0.13098175588426983
YRR1_activated	6	0.02214550429668804	0.03610275490384437	0.5763226366001769	0.046762069962417475
MSN2_37_repressed	13	0.0235996487031011	0.03815276540334678	0.3913304936106261	-0.3387789192349439
SWI5_activated	68	0.02601002978684258	0.041702031228491414	0.1809308338720066	-0.01766645119586369
MIG2_activated	11	0.02835272646842803	0.045085483072746214	-0.327071452532704	0.4341022554610574
PHO4_activated	23	0.028629511956380308	0.045155490402746176	0.3212660263992093	-0.14409802715617107
MIG1_activated	19	0.031647576785638294	0.049513144325917975	-0.2725420858081277	-0.0903514493997561
OPI1_repressed	32	0.03235518239813713	0.05021524308190883	-0.2609708896641994	0.04749509376362834
PPR1_repressed	9	0.0346987434413831	0.0534250494256216	-0.459704442998	0.005134881029869302
RTG3_repressed	55	0.042933640926725636	0.06558367196680924	-0.18469906162214053	0.012435997051382106
HAP3_repressed	13	0.050789034121331574	0.07697712984014317	-0.15349536457028023	0.39146412762047966
GZF3_activated	25	0.061036116495762266	0.09179074883858822	0.2272066187676921	0.0490920966688449
CHA4_repressed	12	0.0616481964091221	0.09199807771822836	0.13106093501230057	0.2879939209726454
CHA4_activated	17	0.06336896436551549	0.09384411516725195	0.22456754925399514	0.13110960532876526
RTG1_repressed	13	0.06692846716034888	0.0983645653720279	0.3405495698655351	0.002956652468054347
COM2_repressed	13	0.07800711547714305	0.11378481505688536	-0.3612294328906723	0.12012027060886993
NDD1_repressed	55	0.0835127514681223	0.12027586666568708	-0.06115195345964628	0.17427529735222005
TEC1_repressed	32	0.08369712371065853	0.12027586666568708	-0.19288323157435192	-0.03442542520715344
VHR1_activated	43	0.1011582615637359	0.1442992848776821	0.17149320116914799	-0.1422442495869879
MIG2_repressed	14	0.1118076700056152	0.15832618964298795	-0.028670721112073045	0.3067829216830078
ARG80_repressed	13	0.11430619922100614	0.16069132354257384	-0.3304602021214363	0.1767476822851421
SUT2_repressed	5	0.11562658785218766	0.16137811541960004	0.4687188380663368	0.05189681335356636
STE12_activated	17	0.11689933093065528	0.16198907286105088	0.2727923597171947	-0.017170180395566788
MCM1_repressed	33	0.1276438492511243	0.17562345216112135	-0.20397871848253482	0.06613793331350656
CST6_activated	13	0.12894833071212908	0.17616884618417633	-0.3205712853921355	0.17501044015701883
FHL1_activated	113	0.13124695639259168	0.17681881625113047	0.029475607240727446	-0.10970504748902303
DAL81_repressed	8	0.1312177794244015	0.17681881625113047	-0.1360629067245084	0.41062906724512
YRM1_activated	6	0.14502831978266909	0.19403788991612278	-0.12980630239953675	0.4597427002023702
PDR1_repressed	15	0.157673181554937	0.20951093987436836	-0.2845245854153088	0.14858425664421943
BAS1_activated	11	0.2018067659739108	0.2663300176798551	-0.2930915405410711	0.019673619196083927
PIP2_repressed	6	0.21633828887255813	0.2835785678464613	-0.3432350390286226	0.34749927724775853
PHO2_repressed	14	0.23236673136665822	0.3025446032559174	-0.08076827603325953	0.26272185677051046
SFL1_repressed	39	0.270944491381497	0.3504215421867361	-0.15006635644329477	0.05939601637352183
MSN2_30_repressed	8	0.29939724451145083	0.3846560624849103	-0.2827548806941406	0.24522776572667934
SKN7_repressed	7	0.31587980635430557	0.40316238442589003	0.3315363881401603	-0.1264987452365465
YNR063W_activated	19	0.33361328716955235	0.42301292621498793	-0.19545438939815052	0.09854545038395225
SWI6_activated	55	0.35167285802836684	0.44301645751625435	0.09938836092682667	0.009965533042456193
PHO2_activated	22	0.354664373365943	0.4439025060193093	0.17353034259039904	-0.034417279848090454
HAP2_activated	34	0.3715694247250651	0.45913674138001676	0.0966661533723393	0.05394723334360024
STP2_activated	6	0.3701238664444531	0.45913674138001676	-0.08369470945359765	0.3284908933217699
IXR1_repressed	83	0.39566016622975486	0.4858105838517244	-0.06813140101751924	0.07700482193382037
AZF1_repressed	41	0.4090987108504095	0.49915188619483924	-0.09154467992134692	0.10932179455069595
YKL222C_activated	26	0.4187423940970978	0.507725152842731	-0.10710935406057137	0.1389205306888241
MSS11_activated	7	0.4473025854069355	0.5389857240307173	-0.27415806921336905	0.07296217120550148
UPC2_activated	5	0.46575721991115904	0.5577586460664498	0.3190548450032553	-0.14199002818122627
STP4_repressed	6	0.4704713686648829	0.5599475185336643	-0.1960826828563198	0.27392309916160795
TEC1_activated	20	0.49423168577284643	0.5846399209751963	0.1431056981296213	-0.00604610700304474
IXR1_activated	141	0.5134653558982487	0.6037107820864258	0.022239753380956566	-0.05702748642787294
SUT2_activated	6	0.5199822473906288	0.6076900963480844	0.26973113616652333	-0.11368892743567578
HSF1_30_activated	15	0.5291464805132112	0.6146971090991795	0.155681077558115	-0.1214135708595838
RME1_activated	6	0.5409968029450622	0.6228033956869331	0.2510118531367456	-0.16767851980341217
RLM1_repressed	6	0.5425452261396478	0.6228033956869331	-0.06540907776814074	-0.20526163631107153
ARO80_activated	105	0.5519064858146596	0.6298226955767292	-0.050413092336421016	-0.013140873455519444
DAL81_activated	5	0.5743668829723216	0.6507629482303228	0.24335573379579414	0.01417732495122607
BAS1_repressed	6	0.5769650881217294	0.6507629482303228	-0.08022549869904787	0.24660306446949792
HSF1_30_repressed	9	0.5911294827255004	0.6553092551356975	0.07287673874786278	0.1391239362599729
MBP1_repressed	94	0.5881924340782094	0.6553092551356975	-3.2921346197006154e-5	-0.05680343134488537
RDR1_repressed	6	0.586806460094082	0.6553092551356975	0.04105232726221791	0.20359930615785005
CUP9_repressed	8	0.6075467079024601	0.6696821666652117	0.015509761388284244	0.18020607375271017
CUP2_activated	18	0.6662117739104985	0.7301982154725236	-0.07282608695651933	-0.061594202898552254
GZF3_repressed	13	0.680627806854119	0.7376636565904978	0.14026559759458776	-0.06629917313956492
YRM1_repressed	6	0.678813030563653	0.7376636565904978	-0.19702226076900925	0.01871928302977748
GALG4_activated	8	0.7147599415036385	0.7703523813983659	-0.16068329718004246	0.10759219088937053
AFT2_activated	9	0.7583743620411798	0.8128432388728667	0.1283238109013792	0.007111689689254202
MCM1_activated	77	0.765724654435524	0.8162119942884156	0.03882376157205478	-0.04216989792854212
STP4_activated	11	0.7886109665425469	0.8360138115259788	0.02227835112575497	0.09927580559228065
RME1_repressed	7	0.8148337504722392	0.8591181934326869	0.021098615112930874	0.11819561917154688
ASG1_repressed	17	0.8693918552082315	0.9116865941102535	0.06672462508150642	-0.05654780929976855
RFX1_activated	5	0.8788013188263754	0.9165992250124559	0.11961846954259384	0.0018642965532179746
RFX1_repressed	7	0.925752043865429	0.9604058636892685	-0.07556464355423716	0.06750937199863738
RDR1_activated	5	0.9348687823379358	0.9647050200721252	0.06880554953392276	-0.08736180359852447
INO2_activated	51	0.9479321010542172	0.9730096698651753	0.026253987471928808	-0.006624677460209492
HMS2_activated	6	0.9788729105369196	0.9945519745990858	-0.04350968488002226	-0.002746458514020627
SKN7_activated	7	0.9816106467039752	0.9945519745990858	-0.021284505994985686	-0.024754469126623994
WHI5_activated	22	0.9901018000122737	0.9945519745990858	0.006685655510719159	-0.017406440382943433
WHI5_repressed	29	0.9945519745990858	0.9945519745990858	0.009760972640724142	-0.00902457901578787
YAP6_repressed	5	0.9914709262207934	0.9945519745990858	-0.033774116626925955	0.01183611532625029
