set	setSize	pMANOVA	s.PC1	s.PC2	p.PC1	p.PC2	s.dist	SD	p.adjustMANOVA
Dot6_Tod6_activated	1389	0	0.7613429946973087	-0.3105578249311439	0	5.588507686342804e-65	0.8222465069555658	0.7579483383186971	0
CYC8_activated	1231	3e-323	0.6830040411119401	-0.32084423718825544	8.4e-323	1.7962039020558785e-64	0.7546095312889669	0.7098279248685089	2.34e-321
Dot6_Tod6_repressed	2461	7.962275818840418e-263	-0.5550029698342828	0.21077647650119805	2.415529360149768e-264	9.747383081310288e-36	0.5936792227888171	0.5414878393970983	4.1934652645892865e-261
CYC8_repressed	966	1.5788576494363916e-210	-0.6167394025565844	0.23226701271489114	5.498175284432297e-212	4.4758862019228174e-29	0.6590261420166518	0.6003381935093424	6.236487715273747e-209
SWI4_activated	564	4.109577718781118e-124	0.5889000269412575	-0.34166675413828207	9.844574943601938e-121	2.627174351456332e-40	0.680837287914523	0.6580100812482799	1.2986265591348335e-122
MET4_activated	335	9.589987926024419e-119	0.7373719773767168	-0.3701959499722959	1.0705190701469214e-118	5.35491896580954e-30	0.8250833136092014	0.7831687920532163	2.5253634871864304e-117
RAP1_activated	728	6.476164113437883e-108	0.5014661431113874	-0.1492090172038759	5.762991812404426e-108	1.4327970854936317e-10	0.5231936768558628	0.46009681820856657	1.4617627570331222e-106
SWI4_repressed	385	2.3973059508638297e-101	-0.6372374141332328	0.16063950224120313	4.3387926654348343e-100	1.6660546943388295e-7	0.6571731671724818	0.5641841781205755	4.734679252956064e-100
NRG1_activated	282	2.461646430685766e-99	0.7329433932637198	-0.3733103687419854	2.5213401361243505e-99	3.596044363185509e-26	0.8225367159824617	0.7822395368273632	4.3215570672039013e-98
MET31_activated	306	3.308059291963543e-93	0.6684158511889604	-0.42130336983278155	6.843731022729594e-89	1.6919141409525096e-35	0.7901115614602282	0.7705478507737958	5.226733681302398e-92
CBF1_activated	139	1.7881648073713984e-80	0.8600053647637818	-0.6794569702576853	3.4390521708642905e-69	2.4790417214967585e-43	1.096025091799562	1.088564256474956	2.568454905133463e-79
REB1_repressed	359	7.18575509205068e-75	-0.5687127570584591	0.1450371194933096	2.3597852534235532e-74	4.7628271254597e-6	0.586915637951444	0.5046973777808168	9.461244204533395e-74
ABF1_activated	905	1.7150682028699736e-68	0.3714150520866658	-0.16640741132023812	1.176703651108855e-69	6.2705457798041054e-15	0.4069896404809877	0.3802979109494756	2.0844675081035064e-67
MET32_activated	163	4.06954367785897e-61	0.756355649198185	-0.2839065501642188	2.1254809591489397e-62	6.516286885293853e-10	0.8078841484397103	0.7355764553811879	4.5927707221551237e-60
NRM1_activated	229	3.2165557013508207e-59	0.6326425432378087	-0.27861535537931775	2.0032156620199533e-60	9.535418362382495e-13	0.6912764307912908	0.6443566395219735	3.3881053387561976e-58
GAT2_activated	433	7.066642138925588e-57	0.4581815071422462	-0.2401058437562945	3.7573078465778997e-57	1.380740875681328e-16	0.5172824273963521	0.4937637210371484	6.978309112189018e-56
IFH1_activated	377	8.675612492389328e-54	0.47202157541293566	-0.11514913466307489	1.5322803230188092e-53	2.0494960076748074e-4	0.48586386042693547	0.41519239080886733	8.063216316455965e-53
SFP1_activated	125	2.8469241911442005e-52	0.7938731359893167	-0.37817582906743824	3.346910310858641e-53	4.417254667253239e-13	0.8793472088636868	0.8287637710743063	2.498966790004354e-51
MSA2_repressed	158	1.1230898870917637e-50	-0.6991911222115003	0.24308338536640747	8.575708235805747e-52	1.9170371692206163e-7	0.74024168865349	0.6662886940475534	9.339379061078876e-50
ABF1_repressed	283	1.1433078174798483e-47	-0.5146384307204486	0.1898614694266815	6.952127689605078e-49	8.013215874424863e-8	0.5485436098864562	0.49815665673928133	9.032131758090803e-47
HCM1_activated	242	1.641781357163104e-46	0.5354790215601251	-0.3190109084865608	9.87476701052257e-46	4.580016960442731e-17	0.6233022880307835	0.6042156239916302	1.2352450211036687e-45
GCR2_activated	395	1.5670255603383278e-44	0.42688532059217604	-0.16538905391511824	8.842721112813158e-46	4.989489424447054e-8	0.45780412415357596	0.41880122653712865	1.1254092660611627e-43
REB1_activated	715	1.8237450250342733e-41	0.31651213249983423	-0.15970680613263236	3.579880529030853e-42	9.408200671385228e-12	0.35452248722003354	0.33673764083647745	1.2528335389365879e-40
STP1_repressed	154	1.3781005838219682e-40	-0.6324361122748219	0.20088849322720292	1.7082162279822825e-41	2.1537195868032545e-5	0.6635748810951083	0.5892494794800863	9.07249551016129e-40
RAP1_repressed	451	3.38641851937163e-40	-0.3799726177116474	0.11425267796758071	5.859782055670882e-41	6.484273180026101e-5	0.3967781050327821	0.34947005800870873	2.1402165042428703e-39
CBF1_repressed	218	1.7189710358205642e-38	-0.5212489574645538	0.1639345287739783	2.221974882358621e-39	4.2248588442874424e-05	0.546420172927602	0.4844978894763055	1.0446054756140352e-37
MSA2_activated	161	7.368896995730399e-35	0.5678094476272233	-0.3157779583236363	4.4298554363206275e-35	8.299069700486528e-12	0.6497101567451263	0.6247906465188836	4.312169353057049e-34
STP1_activated	166	2.3246318807342137e-33	0.5348482880308295	-0.3503961939401813	3.6992628539788174e-32	1.3588361883175303e-14	0.6394061181575246	0.6259623762096741	1.3117565612714493e-32
HCM1_repressed	207	8.556637601227211e-29	-0.451211672180988	0.2786106757699515	1.9801442737053064e-28	1.041006858956131e-11	0.5302979179342047	0.5160623312975974	4.661892210323791e-28
MET4_repressed	146	3.821223228721682e-27	-0.5243218075330213	0.12614563677800378	1.7003947449201172e-27	0.009371086697849506	0.539282930874715	0.45994994081340873	2.0125109004600858e-26
GLN3_activated	102	4.551796555408148e-26	0.6006095972489971	-0.38422862501953836	1.4906915056889615e-25	2.7236089861398614e-11	0.7129961602926116	0.6963857853377857	2.319947921788669e-25
GCR2_repressed	267	6.120665731261715e-25	-0.37908285752898513	0.19637054463350367	1.148109579228436e-25	6.602065176923842e-8	0.42692529050408773	0.4069070029259653	3.022078704810472e-24
MET31_repressed	95	7.9058566642162015e-25	-0.6133353503147654	0.12615986129373846	6.799440376796848e-25	0.035053548752601096	0.626176143387299	0.5229020787833539	3.7852283422610904e-24
TYE7_repressed	78	1.1592945551958308e-23	-0.6414322828419745	0.06722015136112058	1.419329279391873e-22	0.3080458386159142	0.6449448985928012	0.5010929417293623	5.387309991792391e-23
NRG1_repressed	114	6.411837430174092e-22	-0.5378844535851173	0.23345719983796084	5.455239515706083e-23	1.982896087315633e-5	0.5863633255625234	0.5454209137471023	2.894486611335733e-21
GAT2_repressed	224	4.4377534547821215e-20	-0.36291371350542956	0.21876015995838477	3.067942696741654e-20	3.035747754330735e-8	0.42374800416676783	0.41130554036530886	1.9476806829321536e-19
LEU3_activated	510	1.867962801306388e-19	0.24995035989079176	-0.11712870152929716	2.0143815086569584e-20	1.529916839579563e-5	0.2760331775918893	0.2595640935617381	7.97670601638944e-19
ZAP1_repressed	74	3.0766707223269646e-19	-0.61622692234488	0.1689248667681766	5.878649972896738e-20	0.012530422238005738	0.6389610554918734	0.5551861543425924	1.2792473003359484e-18
MSN4_activated	66	5.90919035635818e-19	0.6509825850774884	-0.30840922405070037	6.657036142401292e-20	1.6196631233526094e-5	0.720343373366983	0.6783924540493722	2.393979682832288e-18
FZF1_activated	65	3.7176422455631305e-15	-0.5663991620064539	0.08902667725421957	3.333168385599702e-15	0.2171368096639083	0.5733530849176101	0.4634560555061063	1.4684686869974366e-14
IFH1_repressed	165	6.842079854585885e-15	-0.356271903857801	0.22887532409203193	5.84476898779206e-15	5.563354192616587e-7	0.4234543463665178	0.4137615728758373	2.6367039439623655e-14
MSN2_37_activated	46	1.5970916325664037e-14	-0.6797044391190231	0.28344554756742363	1.5861603523190265e-15	9.191233125504211e-4	0.7364370326062524	0.6810498868857194	6.008106617749804e-14
MET32_repressed	49	2.997159984793e-13	-0.6100160353044698	0.3807335146796736	1.6262235970944427e-13	4.31500879034543e-6	0.7190810611669045	0.7005657252513081	1.1012820409239396e-12
USV1_activated	127	1.0121836830244774e-12	0.3767833129075298	-0.07795643781000323	3.555275016014187e-13	0.13352212571007974	0.38476339623409916	0.3215495614074478	3.6346595890424418e-12
MIG1_repressed	121	1.323504957365895e-12	-0.3741355577731344	0.25802509294534287	1.7728300767602406e-12	1.197267517699466e-6	0.454482523514015	0.4470050829223358	4.646972961418031e-12
ROX1_repressed	148	3.3631789955983725e-12	-0.24393856944192513	0.32731725013604207	4.1331814643433784e-7	1.0407728318833101e-11	0.4082188235468733	0.40393886381585953	1.1551788724011801e-11
SKO1_activated	60	6.229260806792178e-12	-0.5302544975866607	0.13101506508702646	1.3899234722019283e-12	0.08079167890676402	0.5462003107749388	0.46758819195882684	2.0940919307939662e-11
HSF1_37_repressed	30	4.3423415530086654e-11	-0.6933304272013949	0.0714472537053183	5.042870576957601e-11	0.49939831818969393	0.6970020023969091	0.5407794842692585	1.429354094532019e-10
GCN4_SM_repressed	58	1.0449817012685527e-10	0.5100347852389594	-0.27648971566848163	2.0858229083038104e-11	2.880978157996561e-4	0.5801569141397775	0.5561568081610164	3.369532832661864e-10
GLN3_repressed	53	7.656841142784435e-10	-0.5120130608196078	0.2621711546012524	1.26159110907673e-10	0.001009513467125505	0.5752313349903821	0.5474309086116772	2.419561801119882e-9
GAL80_repressed	120	2.068025195557383e-9	-0.3169668000592856	0.23204387135022972	2.762427332057775e-9	1.3712360874477896e-5	0.3928260563799519	0.3882091686974477	6.406823154864049e-9
TYE7_activated	50	2.1847227232901746e-9	0.5163485113835377	-0.17493870402802095	2.9487377063093204e-10	0.03309989692352954	0.5451782601819325	0.4888138777650787	6.638195966920146e-9
ERT1_activated	128	1.4354758044869356e-8	-0.1785425946547884	-0.16134813474387527	5.581642067039935e-4	0.001818132662228804	0.2406463768507471	0.012158319201846905	4.2793429643195434e-8
GCN4_SM_activated	148	1.9679929927520197e-8	-0.11331398512606564	0.28689158957615335	0.018815428489514122	2.56366343130201e-9	0.3084588196091696	0.2829880757405984	5.7582017195336876e-8
HAA1_repressed	22	5.4133480957242846e-8	-0.6750138460321227	0.06064562069784001	4.2974104151087184e-8	0.6231536362133951	0.6777326786018987	0.5201897975688359	1.5551072711353398e-7
GAL80_activated	167	5.804679343981692e-8	0.22572738145367321	-0.2128042275368382	6.850755539247111e-7	2.860816687543103e-6	0.31022329054325126	0.3100886744818382	1.6377488149091204e-7
RTG3_activated	57	9.579230888753162e-8	-0.24711801428587912	0.4290341068632995	0.001316273927447467	2.3569406729696687e-8	0.495113701927734	0.47811174997825223	2.655295579689473e-7
RTG1_activated	37	1.7158979909050965e-7	-0.3516699410609037	0.5056195684879379	2.2256282852089793e-4	1.0823633909567879e-7	0.6158919511437928	0.6061952256420754	4.6743428028104353e-7
PHO4_repressed	25	2.9463358987409065e-7	-0.6198911386893098	0.125643370346179	8.2877906963809e-8	0.2779528106677627	0.632496071400824	0.5271725069475776	7.89018766103497e-7
MGA1_repressed	38	4.363714680461429e-7	-0.507917720064353	0.2222017926913353	6.37993803084252e-8	0.01813944251865403	0.5543952083402359	0.5162724585461652	1.1491115325215096e-6
LEU3_repressed	226	9.138345018673668e-7	-0.2053875106791108	0.10884633363960218	1.7723393357544814e-7	0.005703411128079976	0.23244688401814606	0.22219688219607983	2.3669811687712123e-6
NRM1_repressed	83	9.392624555413379e-7	-0.33629999601493077	0.12352386392316789	1.3996651648368884e-7	0.05342801564050143	0.35826782199655016	0.3251445695136028	2.3936043221859903e-6
MSN4_repressed	42	1.7814674080785252e-6	-0.44580419580419584	0.07459207459207459	6.142163917717858e-7	0.40468488248156154	0.4520015028609699	0.367975731701391	4.467807150419158e-6
ASG1_activated	50	2.296354463372139e-6	0.25190893169877404	0.2047197898423818	0.0021461214591307373	0.012636608906167723	0.3246048401098273	0.033367762205028906	5.669125081449969e-6
AZF1_activated	24	3.946561006881998e-6	0.5464736612973443	-0.4197141198664926	3.6737645085101903e-6	3.8000569981191625e-4	0.6890525414705537	0.683197931960533	9.593179062882395e-6
FZF1_repressed	62	4.930450014447953e-6	0.36446090231952194	-0.1545569118355093	7.720634820387027e-7	0.036294933405053714	0.3958782493591805	0.36700101594564183	1.180319851943601e-5
ERT1_repressed	121	5.154440074219374e-6	-0.060391041226749924	0.2579956885857789	0.2562907997187351	1.2006248274673936e-6	0.264969532567994	0.22513341569024828	1.2155246742188974e-5
OPI1_activated	12	7.192566284447405e-6	0.8065566652192792	-0.4039658416558113	1.3124001209997955e-6	0.01548823547978641	0.9020654385543947	0.8559686733903156	1.6712139307980738e-5
SUT1_repressed	24	7.778260682457939e-6	-0.4652082426353214	-0.11970323610506456	8.16872174925589e-5	0.31112947902221	0.48036191954594915	0.244308933051447	1.7811089678671803e-5
HSF1_37_activated	57	7.935687638519714e-6	0.34481896475457446	-0.008720002154036748	7.29660853840584e-6	0.909798810795751	0.34492920562339	0.24998980091476541	1.791198066980164e-5
FHL1_repressed	78	9.30914560838447e-6	-0.2399807974697842	0.2859482661244776	2.7105977429629574e-4	1.4227512095111754e-5	0.3733057648280142	0.3718880072905935	2.0716126846827414e-5
ARO80_repressed	52	1.1509170731490341e-5	0.3054179723036491	0.09051854846861417	1.4760580734810133e-4	0.26102762805203356	0.3185494395269554	0.15195683986683517	2.5256235771881585e-5
CUP2_repressed	61	4.888859646086018e-5	-0.3055972256697497	0.23960615446601702	3.968733719394604e-5	0.0012783758021158076	0.38833075283196505	0.38551700721982773	1.0581367453172479e-4
STB1_activated	26	5.394642736219158e-5	0.5027472527472527	-0.18577459126239615	9.373767648189315e-6	0.10186350306648423	0.5359729460556945	0.48685846489428897	1.1518291247603067e-4
ZAP1_activated	84	8.764264866102329e-5	0.24987396811393284	-0.20441846787237164	8.402745315695743e-5	0.00129843706551221	0.3228372809145353	0.32123326212767145	1.846338465125557e-4
PIP2_activated	15	1.1262253641495863e-4	0.6076761532333985	-0.07040336012745309	4.65424674997577e-5	0.637361903813119	0.6117409094753895	0.4794746220811323	2.3413632570478242e-4
HAA1_activated	18	1.5604103020660007e-4	0.5251207729468599	-0.41461352657004835	1.165075891795451e-4	0.002353780028256688	0.6690711491277738	0.664492495701996	3.2018808795640014e-4
VHR1_repressed	32	2.045544923200148e-4	-0.004183929350196261	0.38827409507195815	0.9674229444639172	1.4882753046754712e-4	0.3882966368239048	0.27750973039998106	4.143539716225941e-4
GAL4_activated	30	2.0757672173527116e-4	0.405245568148794	-0.016666666666666673	1.2607483556402904e-4	0.8748058747845935	0.4055881510621539	0.2983370023035832	4.151534434705423e-4
MGA1_activated	31	2.473777093659585e-4	0.4119566516874477	-0.256018059452731	7.441701928543776e-5	0.013863194880472903	0.4850294111035693	0.47232944790834563	4.885709759977681e-4
DIG2_repressed	17	2.9098732051401397e-4	-0.5566181264942404	0.3158264827339325	7.186114295276132e-5	0.02436619634856745	0.6399766448379544	0.6169114993948885	5.676048968051137e-4
KAR4_activated	10	3.1754404438070756e-4	0.7320312499999999	-0.2552517361111111	6.135021085667174e-5	0.16261628276960025	0.7752568605077279	0.6981144944292706	6.11853158684778e-4
YNR063W_repressed	39	3.379979635649522e-4	-0.3103521651239493	0.3105089567199198	8.261364679506806e-4	8.211140790802135e-4	0.43901512343017995	0.4390151094308872	6.434178101597885e-4
YAP1_repressed	47	3.615732724446814e-4	-0.21694121589856497	0.3229471645945531	0.010373921665652255	1.3497538710953875e-4	0.3890480205260131	0.3817587349305067	6.775853205761377e-4
SOK2_repressed	71	3.6452374841121327e-4	-0.27247496414599315	0.07765838488153459	7.873562943528728e-5	0.2608378855332089	0.283325662142999	0.24758166541692114	6.775853205761377e-4
SFL1_activated	19	4.4702364072531797e-4	0.4961833808264955	-0.3442968150971035	1.8386770949185426e-4	0.009479081187293343	0.6039356292639309	0.5943092459905749	8.212759911000027e-4
GAL4_repressed	31	4.5693440096601705e-4	-0.3982010872240624	0.24023713580455286	1.2855803515263566e-4	0.02094271931361819	0.4650569720862171	0.45144399687222325	8.298348891106976e-4
SUM1_repressed	34	7.147250928574437e-4	-0.3497715840262807	0.008443691612770768	4.300815982057157e-4	0.9323093824434019	0.3498734870211019	0.2532964505289816	0.0012832564167213193
STE12_repressed	21	9.66427218876485e-4	-0.4684939453266622	0.14965246485803363	2.0574585476712854e-4	0.23605894164930927	0.4918154501902381	0.4370955184077196	0.0017156797818256699
CST6_repressed	38	0.00142761864720976	-0.16141116984601236	0.3391519190990577	0.08614309457193285	3.088185039834183e-4	0.3756029685447547	0.353951554604744	0.002506263847323801
USV1_repressed	19	0.001891740953385177	-0.4327599821471486	0.34090935100307845	0.001108112322850937	0.010207151244915978	0.5509086927516578	0.5470668318665998	0.0032845612157676703
SKO1_repressed	80	0.001956179560387212	0.023595196121639486	0.20011568973115912	0.7171579812575555	0.0021124526611784327	0.2015019170047674	0.12481883804968795	0.0033595257667519514
COM2_activated	39	0.0022437221633554807	-0.3093554185495657	0.21260380443608218	8.587366166472259e-4	0.02202357570352158	0.37536802294105026	0.3690809060760129	0.003811915073227591
SFP1_repressed	19	0.0026672135640226154	-0.37018344949130816	-0.09710348931689959	0.005279133218051133	0.46451732273595614	0.3827072953509002	0.19309669164547663	0.004483188756548652
KAR4_repressed	12	0.0029510080222335047	-0.41055145462440296	0.5259806050079606	0.013884156995602415	0.0016181009738739948	0.6672391578278013	0.6622281701646484	0.004907992289609408
DIG2_activated	85	0.003138519202005609	0.2113831899404368	-0.11822582110276277	8.215478022071467e-4	0.061441118256944434	0.24219867415990792	0.23306876684883804	0.005165479519967564
DIG1_repressed	42	0.0037125009909758167	0.13943348318348317	0.18689643689643692	0.11928389673926522	0.0367731862919618	0.23317798857795843	0.033561376425572824	0.006047166562620402
POG1_activated	15	0.004204161545521699	0.468723296400898	-0.04523137084510097	0.0016894368822399316	0.7620060186487011	0.47090063229672047	0.3634208304321214	0.006778138001963555
AFT2_repressed	18	0.004315635427894059	-0.4497584541062802	0.1884782608695652	9.680865503326546e-4	0.16694296316810325	0.4876543056925539	0.4513015091616461	0.00688757977381072
SOK2_activated	30	0.004497175542192421	-0.21044754431851204	0.33775065387968617	0.04660489573323795	0.0013999561089746092	0.3979493348478518	0.387634663380193	0.007105537356664026
PDR1_activated	16	0.00515676876788798	0.01108213820078225	-0.43426770969143846	0.9389215055016275	0.00266338655561229	0.4344090899920819	0.31490989744498676	0.008067024409171295
SWI5_repressed	36	0.005630295262538925	-0.3056404287307823	0.1742688782191183	0.0015520909735582033	0.07126079602966835	0.3518319394121095	0.339347125298811	0.00872143775961912
STB1_repressed	10	0.008203536985229666	-0.5613281250000001	0.1555555555555556	0.0021268078223359273	0.39482886953196317	0.5824833000011359	0.5069133118428041	0.012584066443362012
YAP1_activated	72	0.00862299787778371	0.15294886835801927	-0.19496382656303463	0.025728542318665247	0.004463198857172641	0.24779880952115113	0.24601142583956376	0.013100323698940637
GCN4_activated	11	0.011097396272671303	0.029500562385303006	0.46654300767606605	0.8656233491672759	0.007423895050770259	0.46747477064808424	0.3090356767314492	0.01669893915316253
MSN2_30_activated	10	0.012009847338518934	-0.5143663194444443	0.36666666666666664	0.004882369627598651	0.04485256024500036	0.6316780469695528	0.6229843989281999	0.017901470561188598
HAP2_repressed	28	0.013556999690090343	-0.3200280112044818	0.1501556178026766	0.0034471895635165236	0.17012915034808	0.35350337694737716	0.3324700324738616	0.020018747205927796
HAP3_activated	15	0.015348069525146937	-0.41333912665652833	0.05195162575132154	0.00562880073993335	0.727957537400625	0.416591172546163	0.3290102462509816	0.022405668273906065
YKL222C_repressed	54	0.015457074948454184	-0.22219787710585262	0.1365761028337716	0.004923811248796589	0.08399749928662772	0.2608158899599649	0.25369151412859464	0.022405668273906065
SWI6_repressed	90	0.015821423675951386	0.010497644287396945	0.15768060463290146	0.8644134271713468	0.010293662519433302	0.1580296605482088	0.10407406933541696	0.022725317643639262
NDD1_activated	121	0.02012112055851522	0.07757421384688046	-0.14724784383344636	0.144766430199054	0.005625446648517223	0.16643222695007281	0.15897320154607222	0.028640874308517156
MBP1_activated	17	0.02147230165307272	0.28302031527673005	0.13098175588427063	0.04365960586915329	0.3505800085736773	0.31186009560998074	0.10750749634824171	0.030291282689156162
MSN2_37_repressed	13	0.023599648703143114	0.39133049361062394	-0.3387789192349452	0.014665220764764808	0.03463223979639175	0.5176009189979593	0.5162653168312306	0.03299773889466028
SWI5_activated	68	0.026010029786885814	0.18093083387201034	-0.017666451195863	0.010307705204738718	0.8022812792314712	0.18179128181372398	0.1404294869967311	0.03604898865199964
MIG2_activated	11	0.028352726468415895	-0.3270714525327072	0.4341022554610573	0.060587581655751434	0.012741333441583836	0.5435259913364143	0.5382310905832999	0.03895418071312793
PHO4_activated	23	0.028629511956319447	0.32126602639920515	-0.14409802715617157	0.007761251211730309	0.23257476841963376	0.3521024015093273	0.3290620779894665	0.038995369733607524
MIG1_activated	19	0.03164757678568008	-0.27254208580812755	-0.09035144939975512	0.04004122949503812	0.4961457855653111	0.2871281472535935	0.12882823447305286	0.04273775326613208
OPI1_repressed	32	0.03235518239817778	-0.26097088966419535	0.04749509376362844	0.01082450399720592	0.6429202173327992	0.26525759024717366	0.2181183886471914	0.04332304083823804
