gene_id	gene_name	MS791_SCD_1hr-arrest_PhIAA_rep2	MS791_SCD_4hr45m-arrest_PhIAA_rep2	MS791_SCD_1hr-arrest_DMSO_rep2	MS791_SCD_4hr45m-arrest_DMSO_rep2	MS793_SCD_1hr-arrest_PhIAA_rep1	MS793_SCD_4hr45m-arrest_PhIAA_rep1	MS793_SCD_1hr-arrest_DMSO_rep1	MS793_SCD_4hr45m-arrest_DMSO_rep1	MS756_SCD_1hr-arrest_PhIAA_rep2	MS756_SCD_4hr45m-arrest_PhIAA_rep2	MS756_SCD_4hr45m-arrest_longPhIAA_rep2	MS756_SCD_1hr-arrest_DMSO_rep2	MS756_SCD_4hr45m-arrest_DMSO_rep2	MS756_SCD_4hr45m-arrest_longDMSO_rep2	MS69_1hr-arrest_Torin_rep1	MS69_1hr-arrest_DMSO_rep1	MS69_4.75hr-arrest_Torin_rep1	MS69_4.75hr-arrest_DMSO_rep1	MS69_1hr-arrest_Rapa_rep2	MS69_1hr-arrest_DMSO_rep2	MS69_4.75hr-arrest_Rapa_rep2	MS69_4.75hr-arrest_DMSO_rep2	MS756_1hr-arrest_PhIAA_rep1	MS756_1hr-arrest_DMSO_rep1	MS756_4.75hr-arrest_PhIAA_rep1	MS756_4.75hr-arrest_DMSO_rep1	MS791_1hr-arrest_PhIAA_rep1	MS791_1hr-arrest_DMSO_rep1	MS791_4.75hr-arrest_PhIAA_rep1	MS791_4.75hr-arrest_DMSO_rep1
YDR085C	AFR1	-1.378386813	0.58053609	-0.539553955	1.148883848	-2.041108398	-0.067482899	-0.910699571	0.976856478	-1.211515306	-0.269940342	0.10260533	-0.044881427	0.559078595	0.647517648	0.61300441	-0.005297289	0.982723611	1.243336452	1.193806665	0.00527791	1.258510787	1.19576892	-0.943859221	-0.203247696	-0.707722303	0.732291202	-0.916524018	-0.350136045	0.453886253	1.121628867
YHL021C	AIM17	-0.128005965	3.212333223	0.440767059	3.986446331	0.600437411	2.723582958	0.10217677	3.110842329	-2.269352166	-1.457380671	0.778356247	0.218568326	1.412808288	1.379307644	5.190480298	-0.098556442	5.715636696	2.582410595	4.564255631	0.092252031	5.425329684	3.060820322	-2.488359017	-0.16437999	-2.068414735	1.051168289	0.396354095	0.365349102	2.571269645	3.629783644
YMR169C	ALD3	-1.552945959	-0.198108551	-1.041859179	0.763534614	0.003648032	1.006871199	-0.487810462	2.075222515	-2.162947931	-1.564355053	-0.951824335	-0.185543291	-0.809280673	-1.395503205	4.107193126	-0.538049511	7.655576819	4.024366757	1.932805641	0.390996257	4.331371639	1.707938674	-2.198953165	-0.466571067	-2.881104494	-1.545201124	-0.877942112	-0.265169073	-1.015062809	1.194200158
YOR374W	ALD4	-0.253612943	2.813256258	-0.024249437	3.252191266	-0.184964802	1.36848008	-0.40022306	2.208545537	-2.726539896	-2.654322922	-1.431090775	-0.19831889	0.261887204	0.289910311	3.007804526	-0.185263664	4.95489696	2.224560845	1.692088454	0.164157677	4.144990913	2.322263658	-2.793683619	-0.271507061	-2.31862568	0.08126162	-0.312215045	-0.545637598	2.043168129	3.109528534
YBR149W	ARA1	-0.614115618	1.05155639	-0.296231865	1.681940101	-0.08007475	0.988183285	-0.442610298	1.443768359	-2.367801668	-2.085771378	-0.891735426	-0.203377317	0.553756795	0.447560389	2.885559086	-0.304840568	2.799730146	1.446365174	2.364225026	0.251529237	2.092636246	1.538615709	-2.234050675	0.311651739	-2.098182219	0.274862019	0.487681449	0.899542551	0.907584064	1.592657758
YMR041C	ARA2	-0.002956879	0.723865725	-0.09828912	1.003710412	-0.257173659	-0.243904642	-0.068208557	0.188757583	-1.230500752	-0.914354206	-1.06203711	-0.196782226	0.11926245	0.348980755	1.580847455	-0.09384201	1.099286427	0.13419075	1.7599827	0.088108949	1.360153161	0.349318369	-1.981355766	-0.150418948	-1.218227175	-0.006291613	-0.207403186	0.183494528	0.607271726	0.593630465
YLR370C	ARC18	-0.051538871	0.658515487	0.066419804	1.013365639	0.019051326	0.284267391	0.098623473	0.440062194	-0.625766803	-0.527095584	0.154021374	0.172777155	0.548224182	0.58628439	1.982951894	-0.083661152	1.479287254	0.558076297	2.033716675	0.07907445	1.390349226	0.649188713	-0.543814058	0.076081137	-0.403479604	0.253694339	0.143629156	0.529970916	0.548688711	0.930462058
YHR137W	ARO9	-0.762632522	3.873710152	0.168848315	4.023784451	-0.294647965	1.357698873	-0.929857377	2.146764088	-1.031061699	1.273267046	0.80752119	-0.728516966	2.076549269	2.095601045	6.398658297	0.115742593	4.315390308	3.356575702	4.136583258	-0.125844571	3.002601089	2.957252488	0.140697979	0.580087421	2.187781719	2.606937265	0.826536277	0.950319533	3.678744522	3.813102909
YGL180W	ATG1	0.095479633	1.094849364	0.310894751	1.025949411	0.451355787	0.645407564	0.140039991	0.893876399	-0.315241258	-0.983788751	-0.423371333	0.085231645	0.188652827	-0.096605168	2.500372256	-0.390810995	2.155928305	0.399780006	1.859827126	0.307194481	1.946290564	0.342875664	-0.329989278	0.05996316	-1.163006051	0.117155936	0.354607127	-0.176401274	0.582783376	0.972321285
YOL082W	ATG19	-0.310490794	1.713667504	-0.125485656	2.316680255	0.13251918	1.036307638	-0.148551448	1.597580987	-2.707873542	-2.794313258	-1.911348115	0.010855965	0.543101269	0.776880599	3.462426365	0.031455895	2.964392236	1.580781215	2.897052119	-0.032157062	3.12271015	1.818457191	-2.384661729	0.157527007	-3.339547629	0.330130954	0.437297125	0.514738752	1.43143968	2.211819599
YPL166W	ATG29	0.091979204	0.892954288	0.258725186	1.452090349	0.616566756	0.745773742	-0.083273421	1.020388848	-0.875332695	-0.964836558	0.167654138	0.379174269	0.32586481	0.550911467	3.94359372	-0.432790518	2.313087323	0.814529115	3.047663804	0.332475983	2.22997815	0.775987453	-1.378898675	0.23057726	-0.997624916	0.766310534	0.216029958	-0.010033688	0.867338621	1.391798491
YLR356W	ATG33	-0.427084333	1.405305879	-0.032599417	1.968217826	-0.515867931	0.733021717	-0.01029758	1.449036414	-1.756866283	-1.116900252	-0.368864632	0.122640542	0.790991289	0.854347768	2.873345538	-0.196985693	3.070682776	1.654247181	3.051221514	0.173292029	3.220136962	1.453825616	-2.074280139	0.176956962	-0.621111365	0.811141867	0.236630372	0.685325343	1.275457774	2.019093781
YBL078C	ATG8	0.220601122	2.649002625	0.021779254	3.605453984	-0.063566748	1.165004254	0.029666017	2.479979804	-0.725494214	0.288281079	1.664856785	0.379888316	2.383145833	2.181652077	4.321315226	-0.429948799	4.097110586	3.120247085	3.788430467	0.330801454	4.390676585	2.545512996	-1.33145609	0.16104601	-0.887695237	2.349569815	0.798115203	0.931698867	2.348531203	3.385595839
YPR026W	ATH1	-0.190664423	1.764474875	0.290860419	2.518707233	-0.096109257	0.851801696	-0.285641043	1.491428863	-1.358815002	-1.498061875	-0.651478319	-0.026357135	0.364859136	0.301046765	2.238950985	-0.251256751	2.709179691	1.790906576	2.548142462	0.213920552	3.144639106	1.943389787	-1.446052216	-0.095535239	-1.020915388	0.169752507	0.346000708	0.604619049	1.161562739	2.157528516
YDR350C	ATP22	-0.177405564	0.477574394	0.030817409	0.550340332	-0.39482995	-0.296208791	-0.213776174	0.481151868	-1.157228915	-0.973245799	-0.315953495	-0.09764387	-0.14186736	-0.027766874	1.13679865	-0.134526376	0.719168137	0.84267894	1.340573612	0.123045224	0.775837306	0.238351185	-1.008865815	0.246911169	-1.518200048	0.145033542	0.063039738	0.35863345	0.133463986	0.604254728
YER119C	AVT6	-0.157756965	1.058223893	0.071131628	1.311694578	0.171852551	0.60006324	-0.053621996	0.508413384	-1.401408419	-1.911413473	-0.890202996	0.252860777	0.366314321	0.283249754	2.546366891	-0.08119502	1.922682652	0.599800083	2.703604995	0.076867811	2.223605408	0.926169036	-1.136092152	0.178365427	-1.683548511	0.261381842	0.605617703	0.650022235	1.23122478	1.641199759
YIL124W	AYR1	-0.284490013	1.140644388	-0.031501355	1.520532887	-0.205035548	0.910337701	-0.355289707	1.277099102	-1.806329954	-1.551177154	-1.157799778	-0.273446962	0.502709987	0.382344266	1.437909056	-0.209571447	1.317369384	1.078303277	1.657189637	0.182954017	1.897922799	1.233027261	-2.326129531	-0.366286579	-1.791718824	0.513830447	0.04992083	0.184077953	0.832842184	1.424741431
YJR025C	BNA1	0.670281415	1.727689386	0.575675655	1.561226647	0.138038534	1.891126245	0.135294542	1.702515468	-0.690369832	0.661495497	0.59174882	0.012425911	1.586431575	1.509563545	2.015625851	-0.414918886	0.390228093	1.56165916	2.419977515	0.321856922	1.286339186	1.575850821	-0.513808739	0.33284639	0.919639679	1.43518507	0.784582231	0.877160021	1.436403479	1.459483419
YNL305C	BXI1	-0.001761168	0.748961036	-0.059100818	1.519510288	-0.020130578	0.582578704	-0.006337122	0.882681496	-1.219206409	-1.199582057	-0.670034035	-0.005361646	0.488751584	0.482618211	2.873160821	-0.038082006	2.483469336	0.973360775	2.660931168	0.037102575	2.518350176	1.153907028	-1.055174368	0.222133967	-1.332791089	0.399289785	0.160780384	0.579079899	0.867843114	1.726687862
YML042W	CAT2	0.686326972	2.641610808	0.649350085	3.268220423	0.599920035	2.392634808	0.474155342	2.501561228	-1.312633681	0.211346147	0.221022283	0.539630727	1.31372937	1.46113039	2.915487278	-0.439556012	5.797238143	2.124219824	3.174890583	0.336441652	5.533279237	2.283880454	-0.83278822	0.276169377	-0.397204276	1.380413148	0.480012372	0.47282957	2.199001396	2.90845282
YKR066C	CCP1	0.152622958	1.649746662	0.274980018	1.871140147	-0.1759677	0.97271576	-0.228324402	0.858148728	-0.569047744	0.082003957	-0.132369074	0.001298945	0.877351289	0.880057774	0.90824112	-0.038025903	1.371069563	1.050635325	1.119746694	0.037049318	1.518315716	1.183840256	-0.795402044	0.0877681	0.152059772	0.945723351	0.147960869	0.252820176	1.546979927	1.822841794
YDR254W	CHL4	0.425068496	0.510176802	0.222986578	0.396244969	0.312440279	-0.083132284	0.13639685	-0.386274116	-0.390232076	-1.586291516	-0.467738713	0.169596206	-0.036721814	0.024400053	0.826803712	-0.122250774	0.206665015	-0.193741024	0.493234231	0.112695904	-1.308090078	0.112890989	-1.15585959	0.174775762	-0.878045646	-0.275156978	0.001563693	0.059257677	0.151146169	0.383936891
YNR001C	CIT1	-0.447294182	1.424121751	-0.024777536	2.382490316	-0.531202191	1.721345499	-0.382814721	2.267602736	-1.164288512	1.462929433	1.092979671	-0.220542604	2.027018595	2.034543594	2.194027766	-0.047222425	3.06281749	2.607696877	2.22367264	0.045725601	2.902239662	2.29073598	-1.369125817	-0.360236906	1.383443904	2.041354432	-0.985950372	-0.566187388	1.286041541	2.311634535
YDR204W	COQ4	0.258935567	1.528298514	0.43763966	2.026763752	0.358484192	1.030290743	0.115794982	1.265951134	-1.437884517	-2.553407362	-1.211655242	0.40746234	0.478064715	0.435357445	2.81318314	-0.077112477	3.533773429	1.135488179	2.503756263	0.07319908	2.748658915	1.428568385	-1.384656309	0.337732911	-1.46931109	0.648104266	0.389532419	0.647762111	1.309195539	2.099633875
YML110C	COQ5	-0.106340778	1.216972634	0.090042168	0.997219064	0.053908091	0.928455167	-0.074449352	0.982981064	-1.296959188	-0.754383997	-0.585774536	0.199601759	0.608423159	0.632592747	1.152311996	-0.151730018	0.344781216	0.732659552	1.372009135	0.13728006	0.641715347	0.685441028	-1.44465178	0.303603917	-1.038993015	0.556671616	0.300632982	0.450872836	0.863050673	0.765457604
YER141W	COX15	0.023082463	1.026748618	0.243450246	0.552300576	-0.121640755	0.468999242	-0.222217651	0.207177329	-1.289746316	-1.186751848	-0.9911848	-0.135883305	-0.255153717	-0.230120948	0.977071697	-0.020151404	-0.07775388	0.229003996	0.792451446	0.019873804	-0.543266435	0.2164536	-1.353807009	0.046537105	-1.056653439	-0.184251259	0.159868743	0.315409509	0.897000821	0.542805376
YEL039C	CYC7	-0.007317059	3.170510516	0.619075335	3.82180137	0.188663066	3.363109944	0.201432603	3.054041026	-1.820573359	-0.368404351	0.592255412	0.051029661	0.895820591	1.00507015	3.45224427	-1.093320072	5.182919105	2.986562935	3.382618404	0.614774328	4.157140807	2.895718131	-1.126307293	0.419729061	-0.784006569	0.733860869	0.538407958	0.351670313	2.597250224	3.133564257
YLR270W	DCS1	-0.679326474	1.748609555	-0.354066878	2.394838847	0.095489367	1.940737367	-0.165638118	2.161565895	-1.851384867	-1.249911671	-0.142296971	-0.095953955	1.024006869	1.104462203	3.077329193	0.008954282	3.464775987	2.258676747	2.682635226	-0.009010205	2.923366735	1.894160006	-2.101820354	-0.099466752	-1.808429693	1.117335947	-0.11642059	0.356079911	1.117028906	2.128210699
YMR173W	DDR48	-1.231318558	0.850440121	-1.098199221	1.296799103	-0.470149935	-0.400129671	-0.786873456	0.251618869	-0.370142285	-1.204362822	0.815346234	-0.937872366	-0.589005184	-0.572319278	2.084684017	0.032616332	2.007097964	1.135028568	1.726507998	-0.03337081	1.330132527	0.698591278	-0.041238658	-0.161659779	-0.63277703	-0.319803106	-0.212604722	0.010157029	0.441286132	1.014353761
YLR299W	ECM38	-0.175464798	0.613122256	0.143638275	0.698487566	0.268596003	0.910913862	0.051362327	0.685484025	-0.845146662	-0.908781677	0.112228036	0.059198842	0.254942471	-0.026032985	2.476525996	-0.116175912	1.833430037	0.230078335	2.773914647	0.107513816	1.718292286	0.617268473	-0.906240715	0.288854411	-0.945510984	0.15605044	0.24161047	0.509025506	0.593548829	0.695250906
YKR076W	ECM4	-0.00983417	1.964366001	-0.006403821	2.15694642	0.417672703	1.559633056	-0.268396587	1.887948426	-2.277725279	-0.390128746	0.355122243	-0.023169851	1.279025022	1.333145279	2.937439299	-0.810626608	2.803378389	1.119684718	3.158733429	0.515879773	2.661767961	1.811084675	-1.998759756	0.693025354	-0.073300072	1.344204259	1.011358258	1.153471436	1.574119673	2.096300941
YER035W	EDC2	0.248711814	0.675308778	-0.276127497	1.260428814	-0.108089655	0.133607271	-0.36625574	-0.153723017	-0.387823738	-0.963330643	-1.183611296	-0.302542086	-0.492934124	-0.664402117	1.513847582	-0.196422209	0.673316963	0.082485357	0.799433748	0.172855949	0.981379418	0.480104816	-0.345545685	0.013582944	-1.38512947	-0.088422766	0.460144952	0.659774072	0.847919747	1.397776385
YDR512C	EMI1	0.22914175	0.797943202	0.21966545	1.166453608	0.343407144	0.614902294	0.155495804	0.784583197	-0.99405902	-1.054294884	-0.230818136	0.437063527	0.268894931	0.151909535	1.508682563	-0.149758207	1.224888159	0.404600803	1.575165495	0.135664197	1.001930553	0.479882542	-0.77924351	0.617815887	-0.981742835	0.240779428	0.339891783	0.184039203	0.569949482	1.057561103
YDR516C	EMI2	0.240803646	1.686282809	0.370295905	1.693849178	0.150798487	1.493300871	0.115708105	1.414141092	-2.427896759	-2.315685909	-0.508119469	0.137289321	0.586425066	0.386201846	2.027492754	-0.49795207	2.435930948	0.836996498	1.969095817	0.369481845	2.234242164	1.367794561	-2.511393602	-0.542136441	-2.366169589	0.345080758	-0.405230834	-0.328657314	1.512406168	1.583883561
YBR026C	ETR1	0.185163306	1.824331848	0.344409763	2.524084735	0.348154212	1.543364521	0.261354023	1.820054939	-1.308431244	-1.342013459	-0.40360313	0.345462898	1.100040387	1.056104389	2.614682432	-0.169276919	3.011922745	1.822437958	2.438984311	0.151484418	3.096495153	1.841950577	-1.438210231	0.202195603	-1.266776995	1.16358825	0.65073814	0.735140513	1.474016816	2.307971255
YOR317W	FAA1	-0.789596091	0.758275798	-0.65802459	1.034313262	-0.018887914	0.963369886	-0.295769776	1.043152651	-0.991545162	0.646731308	-0.003154974	-0.385859573	0.45381045	0.479545576	2.944164227	0.057500827	2.981158775	1.044237331	1.547587085	-0.059888088	1.862357002	0.964912857	-0.669580928	-0.226676829	0.676694689	0.564389283	-0.850320625	-0.683747151	0.482158004	0.783289621
YJL155C	FBP26	-0.600684875	-0.049852223	-0.169394272	0.872203631	-0.495216745	-0.43389484	-0.386017043	0.899062437	-1.050645429	-0.913922203	0.105519108	-0.22767429	0.29904155	0.428612535	2.050518978	0.040449647	1.260115353	0.941342722	1.792676515	-0.041616552	1.551660773	0.793064598	-0.830124331	0.090223694	-1.308820927	0.248905618	-0.274777022	0.497521491	-0.066613843	0.939715144
YBR269C	FMP21	-0.089177019	0.881924075	-0.04193641	1.027058968	-0.077196369	0.333173144	-0.250914738	0.471579925	-1.161442028	-1.243020643	-0.868074494	-0.01221667	0.26020155	0.363179791	1.96131528	-0.139339803	1.653423168	0.271779265	1.819884586	0.127059332	1.989555145	0.670027542	-1.050397337	0.256755764	-1.378793693	0.659987411	0.325634159	0.332958162	0.789202111	1.361441482
YDL222C	FMP45	-0.641739918	-1.055921539	-1.023831426	-0.846035981	0.262912171	-0.015244736	-0.687908679	0.32830249	-1.297459491	-1.986441618	-0.71358106	-0.689375921	-1.104629054	-1.002925106	3.888099313	-0.29514156	4.687139494	0.274932566	2.328074815	0.24489636	2.515050529	-0.359765775	-1.310880842	-0.063979219	-1.350585449	-0.883269556	-0.553804765	0.11751304	-0.315102412	0.122267502
YKR049C	FMP46	-0.232920995	2.474069176	0.176230965	3.263670364	0.091779911	1.572904014	0.026286837	2.029776928	-1.298424959	-0.899177953	0.415653811	0.307594246	1.360615647	1.290013002	3.153444594	-0.231063432	4.591468413	1.956820163	3.030977052	0.199114306	4.056234429	2.406034219	-0.783897643	0.519605834	-0.616488715	1.608558526	0.797213504	1.227557785	2.410268284	3.35564745
YKR009C	FOX2	0.457323935	1.137882284	0.135940206	1.618824749	0.186915801	0.596858482	0.39382621	0.801094577	-0.50670673	-0.899737288	-0.320436589	0.165375243	0.425414775	0.546199822	2.28326821	-0.213135796	2.110768117	0.125965785	1.752361283	0.185663423	1.613276678	0.537768597	-0.795822298	0.357296116	-0.997474923	0.212250424	0.37397688	0.490015236	1.091997645	1.61971065
YIL097W	FYV10	0.266007981	1.280770332	0.364899305	2.040503105	0.618048769	1.161016344	0.353891796	1.538312749	-1.038278748	-0.877649805	0.150837658	0.727609006	0.359934407	0.596645568	3.202065853	0.034987847	3.142134816	1.388523257	1.864246731	-0.035857496	2.398325343	1.455776586	-0.365041049	0.088158447	-1.525824503	0.498684321	0.362843443	0.558796844	1.329149725	1.760559596
YMR136W	GAT2	-0.023005649	1.356066109	-0.084350332	1.109809666	-0.320917109	0.66403917	-0.073922175	0.533272473	-1.315621713	-0.25503365	-0.277913667	0.230787555	0.480627665	0.555419409	1.830187926	-0.150928895	2.151237598	0.827278332	1.595625218	0.136624039	1.688064139	0.657087767	-1.061014042	0.119026987	-0.183711668	0.550517405	0.242605406	0.514752365	1.383045207	1.382679071
YPR184W	GDB1	0.077486347	2.623780906	0.20751124	3.352471432	0.07753469	1.903978415	-0.125102237	2.407773249	-0.64183157	-0.268783236	0.044782693	-0.243581776	0.677758827	0.744150431	3.185256749	-0.108903715	4.580405281	2.311850049	2.926347054	0.101256836	4.345528217	2.57155643	-0.674887975	-0.027468464	-0.529472314	0.675035427	-0.189952631	-0.109366922	1.989931305	2.967499086
YDR358W	GGA1	-0.353800236	0.831868846	0.030256663	1.75079007	-0.068554752	0.629004158	-0.128371371	1.019801895	-1.505638032	-1.328423859	-0.307129142	0.17872176	0.404102199	0.607690281	3.145123323	-0.256403495	2.646925957	1.193599429	2.551233692	0.217637328	2.587429137	1.214374974	-2.40851099	-0.374094036	-1.764378712	0.507228465	-0.222266642	0.455080651	0.961155658	1.803310162
YDR096W	GIS1	-0.006334848	0.2718071	-0.125107094	0.304969554	-0.045977944	0.147688689	-0.146866138	0.288203542	-0.791213743	-0.631779452	-0.704610553	-0.147773791	-0.349386754	-0.161508579	0.81451688	-0.086292049	0.714884553	0.244254018	0.508164302	0.081420658	0.692986656	0.137442123	-0.580568745	-0.124779925	-0.367747207	-0.283455357	-0.286586025	-0.183400041	-0.083476833	0.17337297
YKR058W	GLG1	0.377091545	2.200975365	0.289821785	2.592986408	0.550252951	1.484413457	0.546005552	2.39859559	-0.225667378	-0.920882568	-0.379711802	0.231926211	0.19425811	0.665913612	1.831095496	-0.261536089	3.041401576	2.28266041	2.735849452	0.221321242	3.353408006	1.993404731	-0.536916642	0.32969366	-0.989008339	0.712222973	0.52287412	0.064327194	1.459302899	2.466507415
YCL040W	GLK1	-0.802613442	2.181629162	-0.206504927	2.821021984	-0.45696627	1.564514803	-0.635025871	1.937598779	-3.378325973	-2.0592503	-0.889524982	-0.397516122	0.391112097	0.413713971	3.593329661	0.000543164	3.575533334	2.371871003	2.715747609	-0.000543369	3.033270214	2.222530588	-3.521618809	-0.511639829	-2.001870202	0.399367819	-0.136248044	0.502108062	1.874043158	2.762121268
YML004C	GLO1	-0.388781082	0.3696874	-0.072346371	0.814203228	-0.126600966	0.301933682	-0.287776784	0.856734315	-0.527687153	-0.812843557	-0.2429912	-0.124926818	0.147985998	0.185874459	2.153782675	-0.103655299	2.699616993	0.910839951	1.506109379	0.096704452	2.055499266	0.79322284	-0.734351556	-0.032807141	-1.034334293	0.151119586	-0.102331778	0.215487542	0.225609458	0.880267559
YDR272W	GLO2	-0.049001579	1.128928392	0.181593736	1.430523918	0.168072089	0.78147964	-0.085648778	0.939615889	-0.27221193	-0.19455242	-0.048414793	0.119787308	0.535693204	0.577362432	2.018780496	-0.234876128	2.315893584	1.033202413	1.9371499	0.201937475	1.74831894	0.779704976	-0.386611025	-0.012710282	-0.41610781	0.50635483	0.23023656	0.241105473	0.894432702	1.164143513
YGR256W	GND2	0.312128877	1.428510007	0.241100783	2.902098143	0.680417047	1.344491897	0.260354403	1.91772548	-0.827134108	-0.406166356	0.73520226	0.319555889	0.814437965	0.887705802	3.125983091	-0.385673593	6.963035812	2.905235801	3.294127358	0.304018525	5.952369215	1.425956984	-0.404196956	0.606623022	-0.249448676	0.873098718	1.109113565	1.764931471	1.0117227	2.797478302
YNL274C	GOR1	-0.631024766	2.408477455	-0.293304119	3.237942227	-0.226021722	2.282393393	-0.296843577	2.868835861	-3.008825147	-1.076669196	-0.215417354	-0.176544772	1.480121706	1.647961215	3.280292419	-0.236504371	4.640596453	3.090194269	3.543433507	0.203139185	4.56635303	3.003870808	-3.023937784	-0.11908001	-1.055880413	1.570768311	-0.330657193	-0.097372951	2.156596418	3.034584288
YDL022W	GPD1	-2.023429291	0.033477903	-1.687614033	0.903187701	0.087457894	0.937281296	-0.558766149	1.326626132	-2.280514993	-2.15416627	-0.580545557	-0.267555551	0.161188761	0.265500038	1.445094347	-0.051194767	2.297185709	1.296608964	0.672164383	0.04944018	1.79481862	1.458764113	-2.425871443	-0.351018327	-2.397092307	0.012002266	-2.231620017	-1.645635402	-0.448844428	0.719661205
YKR067W	GPT2	-0.046873484	0.68224483	-0.101699822	0.585890015	-0.044790797	0.137843847	-0.117249013	0.279892721	-1.147859141	-2.029153984	-1.203846454	0.035441579	-0.243233787	-0.387524136	1.157140523	0.052543756	0.223858895	0.509280958	1.56256602	-0.054529997	0.823247641	0.261048553	-1.211006417	0.213756737	-1.930066617	-0.203802806	0.029140207	0.396615856	0.555603257	0.713565018
YOL151W	GRE2	-1.423120088	-2.259530135	-1.180606556	-0.839511524	0.866052443	-0.598012626	0.141094721	-0.099399069	-0.405474476	-1.926493724	-0.369336203	0.373634729	-0.884965658	-0.912098013	3.929519143	-0.357610002	3.980035839	-0.17696485	1.406048185	0.286341302	1.517890551	-0.146746347	0.27551865	-0.004031046	-1.826458858	-1.012477061	-0.867519096	-1.387872823	-3.373056989	-1.387340851
YHR104W	GRE3	-1.021919998	0.765531794	-0.898524589	1.258268763	0.070038574	1.472024889	-0.342009478	1.482755001	-1.70543175	-2.016361708	-1.297139361	-0.157430163	0.124935196	0.239299731	2.051806507	0.036335448	3.676106556	1.748861628	1.333570194	-0.037274282	2.933458579	1.447310179	-1.696118098	0.030207836	-2.839073074	0.076841474	-0.437659011	-0.047995853	0.347945922	1.205662703
YCL035C	GRX1	-0.534458718	1.485413372	-0.211332131	2.120698703	-0.133258487	1.204408866	-0.45960739	1.642743622	-1.353459778	-0.756893979	0.400368438	-0.205312017	0.749387922	0.861671236	3.265556436	-0.05060126	3.689186123	1.942511648	2.379558397	0.048886441	3.280590443	1.734021763	-1.828784307	-0.215578302	-0.717315475	0.83145152	0.441946339	0.542622552	1.426840454	2.17664921
YDR513W	GRX2	-0.308636722	1.494916611	0.013435255	2.133634864	-0.056442152	1.191650978	-0.067056764	1.317986939	-1.062375149	-1.057945636	-0.262614016	0.124792103	0.59619471	0.576745789	1.518663457	-0.086524084	2.962429752	1.406338305	1.649653726	0.081627196	2.517413882	1.524482794	-0.965753445	0.089615165	-1.549260341	0.46375151	0.109664248	0.29219841	1.253807375	2.226808889
YJL103C	GSM1	-0.043627946	1.016344735	0.015258313	0.989921743	-0.107921963	0.483640546	-0.039051588	0.408667184	-1.563362222	-1.178884781	-0.532604944	-0.233419405	-0.083659707	0.311230425	1.514809329	-0.124887483	1.103177142	0.85350513	1.338439152	0.114932579	1.413319749	0.821818014	-2.167955432	-0.421867361	-1.03124317	0.335128037	0.111066257	0.171381142	0.688743359	1.119884341
YOR185C	GSP2	-0.73820527	1.474842438	-0.404599774	2.528898631	-0.272822695	1.068575496	-0.508487994	1.41478225	-3.124825889	-2.286079881	-2.023408196	-0.279790517	-0.232123615	-0.220477827	3.295805428	-0.308854585	3.281812719	1.676129775	3.081424096	0.254252448	3.313714765	1.551358891	-2.319511046	0.474011533	-2.193436962	-0.320308569	0.731584576	1.366987418	1.165915093	2.17699366
YLR258W	GSY2	-0.280804653	1.583744357	0.118649686	3.028127056	-0.219342858	0.966148448	-0.190908689	2.286400728	-1.625376148	-1.797410335	0.235174727	-0.096154709	0.058940547	0.418359247	2.782718647	-0.272499246	3.613955402	2.204129638	2.709713074	0.229115205	3.135126745	2.382949112	-2.131621626	-0.083117657	-1.84346736	0.413838321	-0.344246847	0.276978257	1.07091613	2.467134373
YIR038C	GTT1	-0.338723584	1.060298374	0.088184062	1.864620332	0.037694681	0.945582935	-0.151076147	1.349021158	-2.18418828	-1.03714741	-0.345128224	0.248140638	0.538599555	0.669343236	3.057103761	-0.22494601	3.524161575	1.355464249	2.977119916	0.194557308	3.022531793	1.256892396	-1.634464402	0.661502069	-0.544232118	0.361237559	1.558716815	1.810893716	0.988899834	1.52081774
YMR110C	HFD1	-0.170177706	1.675440607	0.163201682	2.244208348	-0.083660415	1.032209285	-0.405145469	1.512258844	-0.923322709	-0.018585148	0.564131505	-0.019214088	1.105681653	1.064905737	2.20603132	-0.047091284	2.674829696	1.764166761	2.069253857	0.045602632	2.519977626	1.656614443	-0.888183071	-0.008393052	-0.229781999	0.983255458	-0.088267968	0.464857214	1.409658522	2.116149816
YMR251W-A	HOR7	-0.701004544	1.387262066	-0.450105371	1.650159614	-0.087427093	1.262499333	-0.606314477	1.231382249	-1.980799997	-0.110964562	-0.247673975	-0.507556186	0.418707187	0.438511572	2.82613455	-0.055826128	2.378600021	1.244531829	2.308470391	0.053746133	1.966418314	1.171857197	-1.50290935	0.103948377	-0.093770147	0.525657389	0.236738898	0.659302203	1.106091102	1.437331339
YLL026W	HSP104	0.036287964	0.864946602	0.149913997	1.611686822	0.551944482	1.334618689	0.087964314	0.911290601	-0.459033108	-2.666749956	-1.780843849	-0.016508256	-0.749295105	-0.695149078	1.689036895	-0.189830686	3.540555026	0.508655155	0.684786751	0.167732228	2.8136977	0.88578034	-0.446567235	-0.149239621	-2.660092406	-0.960707205	0.174344696	0.133487937	0.599981198	1.316244174
YFL014W	HSP12	-4.423371596	-2.050030993	-3.040419269	0.238173345	-1.700803252	-1.369291865	-2.021229389	-0.100208475	-9.111687696	-6.345590186	-6.574770491	-0.968480604	-3.56751005	-3.57040127	2.723285697	-0.041283413	3.504058531	1.255487256	1.902702743	0.040134859	2.260203407	-0.19152802	-3.861349345	1.12478092	-5.583497442	-3.679506832	1.110092908	1.59965168	-1.293161639	0.581127681
YDR533C	HSP31	0.052277858	1.729060362	0.315731712	2.912891405	-0.014838523	1.251206579	-0.089877933	2.023128211	-0.136758694	-0.098679034	0.78200948	0.085446064	0.765640888	0.900609637	2.251804588	-0.465276531	3.840563077	2.316029199	2.600380378	0.351252652	3.516455898	2.110902767	0.085565476	0.000177851	0.476407361	0.982074762	0.913129199	1.011566035	1.289848624	2.140647171
YDR171W	HSP42	-0.182500352	1.154717719	-0.142958029	2.350225468	0.413837534	0.942758897	-0.193477346	0.656097453	-1.813342642	-3.316374744	-2.415324714	-0.212335588	-1.439770998	-1.668177778	3.628817571	-0.060960364	4.923800278	0.688068616	2.47073503	0.058488605	4.186715385	1.173864418	-1.217629091	-0.073577372	-3.02929237	-1.257101499	0.381758497	0.589035851	1.094066421	2.376562224
YDR258C	HSP78	-0.004150802	1.93267933	0.061707802	2.086531602	0.27812126	2.012917784	0.099421443	1.273374044	-0.846316007	-2.971108895	-2.432649648	0.036010689	-0.10788004	-0.099309311	0.839565542	-0.119377254	1.967230341	0.943618057	1.478143837	0.110249722	2.644274257	1.449735218	-0.490928438	-0.02203708	-2.330029864	-0.062895409	0.019505509	-0.009610864	1.586193337	1.696300936
YIR037W	HYR1	-0.19080039	0.764329015	0.035315124	1.307491553	0.11929266	0.682289111	-0.061570821	0.940860342	-0.979195073	-0.646713369	-0.184388891	-0.014550627	0.293148642	0.293129523	1.893748276	-0.077488553	2.159016148	0.837299606	1.87778195	0.073537862	1.931012359	0.921009321	-0.865398972	0.49548577	-0.576864555	0.349938283	0.63963588	0.806720222	0.547362352	1.277926675
YJL057C	IKS1	-0.180558357	0.966704485	-0.067618142	1.639443988	-0.032803531	0.49798349	-0.043762976	1.239220196	-0.862355964	-1.159675622	-0.227370586	-0.01194822	0.691406328	0.612043445	2.618682257	-0.289343629	2.712860957	0.890398206	2.201969084	0.240895251	2.253417645	1.187417278	-0.690382975	-0.238696804	-1.166441847	0.522405926	-0.273699272	-0.390731628	0.61348928	1.251662076
YDR287W	INM2	-0.259161167	0.748275695	-0.152417649	1.009987058	0.006046183	0.599130617	-0.135132773	0.814976763	-1.083022258	-0.921705839	-0.483041037	-0.19713448	0.45804211	0.523626623	1.874392267	-0.422029989	1.70833651	0.511667779	1.992186528	0.326107378	2.138145851	0.560740393	-1.226647549	-0.040174566	-0.925838658	0.053154159	0.112293643	-0.005895299	0.43138108	1.047342597
YPR067W	ISA2	-0.081762321	-0.340066913	0.148277017	-0.658992369	-0.103306909	-0.654334185	0.056557441	-0.502126417	-0.623554975	-1.976008338	-0.871792384	0.090016687	-0.615172592	-0.626997694	0.673588332	-0.243726447	-0.987358342	-0.575202858	0.598511251	0.208441082	-1.012054549	-0.771673763	-1.052647352	0.138553459	-1.618808726	-0.848355125	0.356255186	-0.303252293	0.028111259	-0.992349143
YCR091W	KIN82	-0.395454446	1.126638192	-0.504995919	1.309824719	-0.451884909	0.655347845	-0.222398783	0.983109608	-0.885401963	-1.191072177	-1.273513671	-0.353048816	-0.142119218	-0.366201104	2.692340547	0.129929757	2.638344447	0.740593765	1.756270782	-0.14279994	2.457520492	1.026294316	-0.823751132	-0.129114335	-1.286812783	-0.211593043	-0.05801434	-0.248522886	0.802014508	1.503815166
YLL019C	KNS1	-0.410150213	0.38353849	0.141226668	0.923813478	-0.128311735	-0.082164886	-0.502327664	0.039020318	-0.763971822	-1.06848854	-0.833298704	-0.015033084	-0.87114	-0.401320337	1.519912851	-0.0610495	1.740241455	0.317138345	1.30624566	0.058570653	1.331938496	0.153335998	-1.24078322	-0.011380492	-0.697580121	-0.90231683	-0.128794905	0.167425031	-0.066368164	0.386513314
YBR204C	LDH1	0.086736693	0.71022771	0.165460915	1.068544255	-0.012382056	0.261037574	-0.175473479	0.417146623	-1.409415871	-2.059327875	-1.304171504	0.014367098	-0.432853677	-0.214486683	2.550686997	0.102564636	1.562349544	0.151895516	1.780287672	-0.110418081	1.797810276	0.331722984	-1.72663168	-0.624282479	-2.77592053	-0.539131292	-0.229768573	-0.2408999	0.317965195	0.893789864
YPL004C	LSP1	-0.177696771	0.142542224	-0.114991876	0.776181181	-0.062319372	0.319272937	-0.334597365	0.40098431	-1.896636085	-2.272605601	-1.418541615	-0.323289722	-1.069874825	-0.961853232	1.361882276	-0.090412311	1.963318956	0.446174833	1.804552798	0.085078858	1.781007281	0.169151221	-1.927127364	-0.118128934	-2.483557299	-1.058591147	0.078513156	0.344190176	-0.014829429	0.565683149
YER142C	MAG1	0.486182203	1.200423635	0.511398769	1.446697597	0.065164297	0.728944949	0.511184265	1.207254628	-0.616060193	-1.479391292	-0.55950854	0.472955223	0.199811875	0.299393289	2.355371898	-0.522301073	1.30740355	0.414864942	2.422815948	0.382655718	1.723113528	1.011020475	-1.497879017	0.144825141	-2.294429954	0.5552637	0.60888997	0.527117696	1.056220132	1.376772616
YKL093W	MBR1	-0.183487964	2.711504803	0.085459811	3.117395622	-0.320720379	1.750586838	-0.178805405	2.298085144	-1.136355484	-1.152534326	-0.111562011	0.058350402	1.098308939	1.142432278	1.942506647	-0.025992099	3.968207921	2.996232427	1.165267109	0.025532092	3.510808679	2.476253225	-1.272040796	0.837893441	-0.456646777	1.322616071	0.928824741	0.377255453	2.723507707	2.811852487
YKL150W	MCR1	-0.075899235	1.297561907	0.156265926	1.788149723	-0.019382765	0.943207727	-0.055413926	1.161163083	-1.391071956	-0.937611382	-1.165987277	-0.033236239	0.499627573	0.476751249	1.570302951	-0.216436467	3.031902818	1.563883436	1.192465104	0.188161921	2.257857958	1.354590679	-1.145562145	0.029181684	-1.095173291	0.383510843	0.001649269	0.270099986	1.261841481	1.749658931
YGL087C	MMS2	-0.017450423	1.218507099	0.080389194	1.800901566	0.091568191	1.07445262	0.165942273	1.614168253	-0.3908631	0.617574613	1.229055159	0.209914289	1.30992005	1.455789104	2.337650723	-0.112483615	1.777399248	1.573414199	1.643315951	0.104344306	2.500678262	1.584225092	-0.243692836	0.447292328	0.642248658	1.408362102	0.515708061	0.846791219	1.116244514	1.591867658
YJL066C	MPM1	-0.062805044	1.763007363	0.007116567	2.172380044	0.221674181	0.871026431	0.059276104	1.283814975	-1.633863293	-1.933826591	-0.374102103	0.031889136	0.863266664	0.929105935	2.626137836	-0.108651769	2.092729392	1.402457652	1.921161838	0.101039008	2.004799289	1.795854546	-1.883625503	0.266983804	-2.408820808	0.816581079	0.671497702	0.462870226	1.681353006	2.154307899
YKL142W	MRP8	-0.083470095	1.288245685	0.168425358	1.757395433	0.243525607	0.960292144	-0.056875869	1.246251072	-1.238348905	-1.019907274	0.343525628	-0.016520806	0.69926929	0.530802556	2.642617914	-0.368805233	2.611852031	1.04958369	1.99616008	0.293460458	2.110952576	1.018887955	-1.413573895	-0.129065928	-1.430962921	0.332565996	0.271533369	0.349428844	0.780576412	1.497935797
YGR023W	MTL1	-0.398295806	0.167923847	0.037690231	1.450728808	-0.609641171	0.37716631	-0.109182916	0.85735178	-0.277917942	0.152719582	0.478639019	-0.121598212	0.426416613	0.561459068	-0.015863861	0.067099492	2.521161384	0.714136459	0.579007993	-0.070373154	2.166716048	1.046608277	-0.003039519	0.032662739	0.477202966	0.535076671	-0.485590983	0.272131811	0.456040037	1.117682646
YPR149W	NCE102	-0.647465924	-1.597382945	-0.74987456	0.214433243	0.419139887	0.71784066	0.115748516	0.359578936	-0.990296696	-3.541229739	-3.649046933	0.007035253	-2.246076363	-2.246580188	0.719959236	-0.045545399	2.339179073	0.275783531	0.827694898	0.04415144	1.47357446	-0.044019147	-1.095545808	0.057939165	-3.607207659	-2.604148831	-0.645888343	-0.31543813	-2.303309541	-0.451930405
YNL183C	NPR1	-0.477093129	-0.638228107	-0.054275692	-0.804290151	-0.212537952	-0.199415906	-0.088884894	-0.177428059	-0.555048047	-0.651304351	-0.337079336	-0.179729574	-0.447228837	-0.615534888	1.307078132	-0.016482967	-0.839389013	-0.224779465	1.242704989	0.016296772	-0.948545692	-0.631241138	-0.558259072	-0.146704215	-0.642413101	-0.597651457	-0.528473767	-0.376856295	-0.272829771	-1.079516518
YGR043C	NQM1	-0.690692159	1.009163361	-0.597539728	2.362481114	0.796178138	1.593257447	-0.354129132	2.083658661	-2.151063567	-2.177894075	0.178656871	-0.176945798	0.306643815	0.472689939	5.176316339	-0.391666359	6.849501622	3.858904391	3.343475449	0.307721494	5.002542367	2.032009705	-1.894610835	0.814471638	-1.315653268	-0.482050546	-0.296483285	0.211746592	0.998993975	2.130061933
YDR001C	NTH1	-0.499765121	1.850152795	0.046926547	2.841524303	-0.092635432	1.345546948	-0.459036536	2.316738176	-0.536148198	0.084510211	0.894594792	-0.141977909	1.450481764	1.44712842	3.113525985	-0.029970547	3.581155391	2.55576483	2.922482091	0.029360589	3.314855771	2.377157162	-0.491762275	-0.214818616	0.203272738	1.637350777	0.111724293	0.630544488	1.557670296	2.595719305
YBR230C	OM14	-0.563667907	1.075411253	-0.317753787	1.354203518	-0.182624883	1.184907966	-0.246405932	1.256461393	-1.626814526	-0.214196958	0.052363538	-0.202766656	0.763995167	0.92699202	1.807632275	-0.145646299	3.219137666	1.50698345	1.338908433	0.132281596	2.440000577	1.34464889	-1.125672377	0.022704337	0.015715415	0.679053622	-0.966380478	-0.265422483	1.094681488	1.31273977
YIL136W	OM45	-0.36853162	2.912726922	0.004693033	4.184031309	0.053249546	1.815732369	-0.328174463	2.555069022	-2.14902146	-2.282483256	-1.514239943	-0.313247156	0.455791147	0.647036965	3.7046145	-0.199040015	5.83514585	2.760597493	3.603685299	0.174879317	5.381436454	2.858234109	-2.242531466	0.021097157	-2.654331545	0.396310966	0.160910265	0.505952782	2.560897458	4.066879708
YFL044C	OTU1	0.139968714	0.006990616	0.241736009	0.517996643	0.305610652	-0.324420871	0.138786169	-0.186850745	-0.327440006	-1.976574713	-0.989147817	0.330957458	-0.633076704	-0.444531762	1.984014118	-0.376815371	0.553327141	-0.991848086	1.953969263	0.29849911	1.015428632	-0.110947092	-0.195189924	0.254348905	-2.110560542	-0.611973165	0.52297114	0.451269265	0.198445232	0.45066684
YPL196W	OXR1	0.233387513	0.632457135	0.17406058	0.7507032	-0.064230073	0.160959761	-0.038903875	0.560091711	-0.668145683	-1.410316758	-0.600243027	0.223957953	0.1638165	0.232288025	2.202553739	-0.143002717	1.876537902	0.277371788	1.900331172	0.130097585	2.006171139	0.433480105	-1.085936158	0.092271639	-1.887968422	0.12848119	0.166356196	-0.086122074	0.204204602	1.073306802
YMR174C	PAI3	0.468778919	2.424727895	1.522219923	3.584263505	1.543105955	2.569067661	1.133590401	3.163078175	-0.635337117	0.077246844	1.430407787	0.894619774	1.786561404	1.670193146	5.323868307	-0.404314843	8.094166807	4.303986078	5.096905514	0.315456038	6.509379259	3.271854813	1.250263963	1.743280797	0.307755824	1.791256564	2.588830713	4.204657749	3.300811669	3.774465148
YNL015W	PBI2	-1.013113286	0.388184079	-0.697110417	1.04999966	-0.42671647	-0.560314655	-0.718589107	0.011639902	-2.780801505	-1.996337049	-0.709218811	-0.703671913	-1.000644355	-0.881524081	2.85148866	0.158227613	3.42183753	0.88008039	2.323845342	-0.177743608	2.977666298	0.586493318	-2.195419398	-0.42044976	-1.77220847	-0.957838694	-0.069281255	0.412139958	0.407123371	1.016490712
YGL248W	PDE1	-0.350958486	0.839794354	-0.015162464	2.648897986	-0.464980693	0.286347856	-0.263691583	2.078279914	-1.167369762	-0.038496293	0.506439177	-0.028894135	1.015445814	1.183600507	3.12475692	0.101334526	3.193908506	2.021393758	3.304982475	-0.108993594	3.502473909	1.775155881	-1.361412505	0.155028689	-0.24552161	1.060914399	-0.086807016	0.281643215	0.589562469	2.217440367
YPL154C	PEP4	-0.744330014	0.909235058	-0.316962407	1.572989052	-0.169021432	0.707737954	-0.381262578	1.06077244	-2.143077164	-1.210908926	-0.03176184	-0.359647293	0.443989766	0.416417799	2.428982415	-0.02331198	2.379102028	1.41855741	2.135002487	0.022941272	2.214688368	1.124079132	-2.217314876	0.248031562	-0.775737031	0.396187748	0.481922924	0.885175307	0.673931665	1.375794741
YIL107C	PFK26	-0.392595835	1.35970485	-0.013254668	2.055385918	-0.400024801	0.219585101	-0.212971924	1.676726564	-1.007589654	-0.477464083	0.267796275	-0.127599768	1.037368249	0.909735027	1.303279396	0.013175031	1.737808375	1.778843416	2.291755107	-0.013296459	2.466785525	1.682688916	-1.402282932	-0.013046927	-1.12324753	0.742574739	0.132673369	0.173913076	1.205771107	1.761262131
YMR105C	PGM2	-0.269172806	1.435672248	0.035587545	2.605502006	-0.101368108	1.363069322	-0.210642628	1.72323473	-1.443632211	-1.547923819	-1.284235303	-0.29589715	-1.103275571	-0.792534986	3.683301421	-0.082845658	5.864409913	2.1940279	2.488318226	0.078345555	4.692286921	1.970491987	-1.55136902	-0.011350152	-1.74315877	-1.018190728	-0.038552483	0.315333413	0.84420448	2.553182198
YER037W	PHM8	-0.467015887	1.017159697	-0.388428858	1.832678185	0.137181771	0.968984772	-0.297501638	1.279944737	-1.539843967	-2.247810321	-1.773429117	-0.392422035	0.054705089	0.176199253	2.806097638	0.099257135	2.199446842	1.297740319	3.230585214	-0.10659388	2.823528576	1.480406379	-2.042567493	-0.380111698	-2.272333145	0.134716767	-0.941879045	-0.371784218	0.690694504	1.831539933
YER053C	PIC2	-0.086365446	2.270538662	-0.200749331	3.261208152	0.057215762	2.425482376	-0.35509149	2.605416302	-1.309755089	-0.656610784	0.061880422	-0.230491508	0.830117752	0.963106949	2.276870539	-0.16127779	4.408017501	3.128241514	2.003488384	0.145047812	3.40639385	2.77799497	-1.449549435	0.188311185	-1.084919884	1.043396188	0.09658051	-0.087197788	1.707889915	2.822693548
YIL045W	PIG2	0.440638511	1.818972211	0.374887453	2.465630197	0.185829486	1.454863014	0.570577982	1.438440851	-1.263546884	-1.50691128	-0.634897232	0.171327665	0.682718822	0.586990629	2.074883725	-0.237758172	1.934625702	0.576963438	2.018313738	0.204062936	2.409704687	1.817926348	-0.573713109	-0.434093085	-1.796135627	0.349862835	0.653337337	0.281122571	1.4712373	1.927868728
YGL059W	PKP2	-0.010368374	2.058513149	0.16292172	2.223177002	0.341744464	1.988182363	0.0550088	1.949040923	-0.427295135	0.876204959	0.718345528	-0.042997783	1.557562013	1.679470331	2.998330829	0.02217456	2.566073411	2.214060953	2.780760576	-0.022520716	2.484343679	1.82722147	-0.052051668	0.269519177	0.605391869	1.694050988	-0.064319997	0.232599883	2.002765282	1.864286292
YGL006W	PMC1	-0.527369154	-0.480380455	-0.021464553	-0.136207072	0.418356742	-0.069810652	-0.385275827	0.127595148	-1.329714858	-1.079047878	0.681605686	-0.122989695	-0.611329203	-0.583814126	2.720940895	-0.095369105	2.165926073	-0.134262284	1.480944303	0.08945376	0.873188818	-0.308275439	-1.089240642	-0.503828934	-1.388952241	-0.717879527	-0.105293756	-0.017602087	-0.595473784	-0.352104729
YGL037C	PNC1	-1.148685627	1.052627562	-0.635878154	2.498390923	-0.219106584	1.075397109	-0.354252254	2.241727139	-3.191606719	-3.47669023	-1.183962298	-0.338634284	0.630395773	0.622627872	2.700586255	-0.163982185	3.413151309	2.705086293	2.369782927	0.147231151	3.428275123	2.373917127	-3.588815057	-0.049387104	-4.444011998	0.541646256	-0.447127249	0.270155534	0.62389741	2.266753656
YNL055C	POR1	-0.34486653	1.021649505	-0.107076601	1.455941362	-0.106373905	0.187188475	-0.173483742	0.557740225	-1.858419847	-1.261634395	-0.894029395	0.029738348	0.155964308	0.206810003	1.995797622	-0.064508455	2.444902357	0.947285827	2.20491146	0.061747065	2.541683737	0.825502265	-1.525890597	0.091032913	-1.016974825	0.256592636	0.380867051	0.640463518	0.926953887	1.305871782
YEL060C	PRB1	-0.589276403	1.617871009	-0.130524555	2.153867376	0.57167382	1.135205123	-0.280066497	1.584858343	-1.589284401	-0.397934931	1.277461778	-0.224387699	0.782533614	0.833698147	4.355342628	-0.100799201	4.129539518	1.687626227	2.977404459	0.094214084	3.476228892	1.616401932	-1.772293191	-0.2060651	-0.561790968	0.72724124	0.346858727	0.588063587	1.266337066	1.941619763
YMR297W	PRC1	-0.189874579	0.920269859	0.001406652	1.4420444	0.04370181	0.830961618	0.004178601	1.003117664	-1.440018705	-1.5407164	-1.014841538	-0.065539782	0.213944411	0.238429579	2.123833122	-0.137892732	2.466925581	1.245629437	2.042328144	0.125855142	2.142305295	1.017020149	-1.45380639	0.142878531	-1.300010114	0.170577398	0.545361215	0.759478891	0.665561052	1.262746262
YBL064C	PRX1	-0.739209161	1.916060486	-0.712555017	2.810006086	0.165378533	2.256464378	-0.041116625	2.554012541	-2.104575063	-1.20131319	0.310109549	0.016405268	1.591022521	1.562462236	3.313551848	-0.124659409	4.670427862	3.003301882	2.837581583	0.114739405	4.098585538	2.814341618	-2.61488602	0.006558128	-1.048800734	1.566118472	-0.580460589	-0.367660183	1.472443738	2.492587256
YDR032C	PST2	-0.302031826	1.341957018	-0.103019991	1.805536342	-0.168458052	1.013762251	-0.241334124	1.299125057	-1.801304706	-0.44804271	-0.084367648	0.085964007	0.838095086	0.754668743	2.2735864	-0.039560218	2.535462377	1.591030682	2.184148776	0.038504324	2.487959392	1.406692184	-1.419215776	0.377062574	-0.176064355	0.669647742	0.876642277	1.056534497	1.01925725	1.562891671
YJR059W	PTK2	-0.536140271	0.568526068	-0.218725867	1.10195734	-0.274726517	0.798860012	-0.278598907	0.909037687	-1.04256216	-1.442781868	-0.64130426	-0.226635724	0.204317495	0.185012025	2.130636234	-0.069070925	2.531726502	1.098338687	1.220015267	0.065914601	1.647162987	1.161892674	-0.915731439	-0.04320307	-1.187912488	0.373240191	-0.449118256	-0.370057458	0.416706866	0.902446743
YLR142W	PUT1	0.587396517	2.728091643	0.474051821	2.814477077	1.197606768	1.823805798	0.212217054	1.937636185	-1.287598338	1.314902491	1.564521605	-0.092858185	1.259324012	1.239095259	6.2524804	0.092556482	7.323924191	1.324610043	4.794002247	-0.098904021	6.06275034	1.626027153	-0.371408962	0.216507026	1.286208993	0.997838764	0.991603891	0.193858699	2.2362029	2.164205011
YKL188C	PXA2	0.146704551	0.995959228	0.497774333	1.298741322	0.259740886	0.908816984	0.165800637	0.838406435	-0.695439459	-0.208326874	0.551326347	0.139989799	0.382957201	0.504038793	3.158310164	-0.04599595	2.121258846	0.627853131	2.539182041	0.044574704	1.937521978	0.661542101	-0.686334717	0.328697	-0.358451331	0.311974852	0.354920382	0.399141504	1.00006006	0.457335575
YOR220W	RCN2	-0.085529178	1.241736911	0.10655631	1.608446557	0.872365402	0.911679706	-0.019701964	1.12496867	-0.783850386	-0.17164466	1.511284091	0.010690206	0.635163006	0.519231154	4.378904066	0.006897683	2.86922852	0.904104651	1.964664351	-0.00693082	1.914694864	0.956117161	-0.636422713	-0.130447844	-0.860889133	0.53085578	0.516397549	0.663059291	0.724823433	1.472138131
YDR003W	RCR2	-0.30104712	0.028503967	0.066140277	0.702750012	-0.259188767	-0.036567401	-0.199940571	0.40532164	-0.818125405	-1.308883907	-0.565985491	0.07351834	-0.07916837	-0.226052457	2.137353905	-0.111283393	0.817713949	0.121790395	2.025658633	0.103310769	1.151874272	0.162061637	-1.433530749	-0.000426239	-0.941481192	-0.493107423	-0.346267037	-0.051940947	-0.417805186	0.715978942
YOR285W	RDL1	0.00368746	1.855296208	0.142086028	2.295402497	0.059867894	1.164699223	-0.112351791	1.484078093	-1.056567161	-0.32484542	0.59079513	-0.044487569	0.956689581	0.882910898	3.052920435	-0.093405695	3.203526117	1.732764171	2.491909908	0.087724224	2.967859145	1.471094372	-0.989789995	0.216316918	-0.158976247	0.927152118	0.644952783	0.707055476	1.456988632	2.062093356
YBR052C	RFS1	-0.205188311	0.261860893	-0.113491943	0.489852598	-0.106778952	0.286552552	-0.20554706	0.528496274	-1.785597774	-2.475281993	-1.130667366	-0.220821465	-0.544548617	-0.487755625	2.072470152	-0.265271607	0.87093974	0.48489451	1.857803675	0.223988301	0.790500513	0.557016672	-1.278665938	0.177579542	-1.835402717	-0.664338355	0.256991954	0.114905863	0.449592327	0.671686976
YMR139W	RIM11	-0.179653855	0.406265071	0.115698895	0.719133208	0.060271016	0.371045546	-0.11026584	0.639957613	-1.193538774	-1.503190107	-0.556947726	0.082509486	-0.028608929	-0.056709997	2.393207257	-0.140226804	1.449531916	0.413114952	1.635215363	0.127796362	1.128541781	0.440556328	-1.36390887	0.028897863	-1.691377684	-0.050309732	0.10194761	-0.037699013	0.44442286	0.91669542
YDR255C	RMD5	-0.643583246	0.543656297	-0.29222449	0.899586109	-0.103957767	0.000496869	-0.321587096	0.641352921	-1.419486805	-1.358604162	-0.32213771	-0.197678326	-0.128415861	0.231945406	1.734311591	-0.486664657	1.137665297	0.726572527	1.334151978	0.363257304	1.290663904	1.084718583	-2.851253292	-0.4973863	-1.049084237	0.220120406	-0.187148626	-0.104450373	-0.104639318	0.414412746
YPL152W	RRD2	-0.090191025	1.403777463	0.152206436	1.272049145	0.16495841	0.856502922	-0.368593174	1.101442119	-0.806637448	-0.134853042	-0.113774246	-0.081919903	0.691450049	0.879445053	1.453481841	0.101770348	1.914660754	1.108157019	1.585441131	-0.109497983	1.55997013	1.016242693	-1.011475761	-0.020587287	-1.135128031	0.664000587	0.266694264	0.570796697	1.018576576	1.265081335
YOL048C	RRT8	-0.00164247	0.567212096	-0.070517454	1.142284387	-0.089994061	0.512474859	-0.255808129	0.829934311	-1.807841012	-1.364024792	-0.57876087	-0.216088852	0.465881876	0.217729895	1.824544437	0.05911469	0.517455062	0.054599216	2.210631658	-0.061640802	1.245705221	0.688539511	-2.53968938	-0.061719036	-2.141599877	0.206546548	0.3710281	0.312018977	0.938201443	0.672074467
YHR087W	RTC3	-3.169344295	-0.210327706	-2.277391525	1.47603123	0.240249251	0.763585848	-1.119286358	1.357145817	-2.81356191	-4.021289394	-0.539939065	-0.503289436	-1.612584728	-1.530967031	4.110527503	-0.264980575	4.818177287	1.139054858	2.047612332	0.223780937	4.068914846	1.5643766	-4.785631297	-0.152167879	-4.549157569	-2.639979809	-1.689873952	-1.333150571	-1.089760444	1.301041367
YDL204W	RTN2	0.127477439	1.802610182	-0.013702903	3.614910695	0.055955689	2.371732285	-0.223031341	2.889793643	-0.729441784	-1.280841606	-1.037143413	-0.104299393	-0.543418578	-0.120206524	3.539493096	0.025830856	7.218364178	3.192981588	3.126171136	-0.026301791	6.047876638	2.74651156	-0.697153465	-0.085293444	-1.160364011	-0.825609584	0.04025799	0.47550027	1.308242368	3.519104143
YKL193C	SDS22	-0.066118505	0.711364328	0.300622224	1.430426612	-0.002373445	0.341381833	0.043371907	1.01342318	-0.943568246	-1.705834846	-0.304617125	-0.099799319	0.064087542	0.236693488	2.044351452	-0.214420674	2.418877389	0.639759481	1.826240631	0.186637227	2.764574346	0.926583104	-0.766186117	0.101681575	-1.401041353	0.105372935	-0.038270868	0.463261138	0.640303804	1.403249885
YGL208W	SIP2	-0.266981949	0.584084414	-0.080831975	0.927882001	-0.232956939	0.021069067	-0.193413226	0.289539439	-1.596349416	-2.101471776	-1.441618094	-0.322307792	-0.46392204	-0.230500356	2.203022566	-0.019076144	1.068860467	0.233128688	1.622787441	0.018827197	1.33903857	0.477074393	-2.336645432	-0.319863808	-1.404105878	-0.682823849	-0.130407721	0.008642666	0.337509265	0.48219935
YJR104C	SOD1	-0.048955794	0.02557629	-0.085829646	0.445234138	-0.06800594	0.043437388	-0.116064807	-0.028809587	-0.66890258	-0.506450675	-0.321258377	-0.209838045	-0.378530535	-0.396073706	0.882460428	0.002380863	1.242786806	0.220452638	1.038244068	-0.002384799	1.076138422	0.164577324	-0.517861262	-0.067354882	-0.392593474	-0.333657064	0.214813134	0.229139798	0.087553365	0.379077404
YER150W	SPI1	-0.884327373	0.633965044	-0.906434804	1.799026797	-0.621714068	1.002215126	-0.515137764	2.089007875	-0.908020556	-0.390748465	0.845190256	-0.825675348	-0.222067952	0.21886751	2.970673309	-0.410649886	4.841117327	2.190914916	0.854577031	0.319289107	2.474773022	1.830749942	-0.799271839	-0.260976454	-0.877840304	0.474635068	-0.478512888	0.177964278	-0.233666668	1.883573281
YBL075C	SSA3	-0.053219759	0.69059565	0.032398771	1.872144917	0.069604775	0.094437352	-0.104036332	0.079388311	-0.263567108	-0.797714155	-0.608665132	-0.168858499	-0.299966498	-0.48408558	1.080310812	-0.152525995	6.876758347	0.574720945	0.711780629	0.137931212	5.465872139	-0.119544956	-0.525995063	-0.268257287	-0.908848767	-0.301226687	-0.000310749	0.132360366	0.497907801	1.625865269
YER103W	SSA4	0.507218447	0.413280752	0.374156546	1.663178639	0.464289058	0.335257303	0.140825801	-0.23144716	-0.600600419	-2.596363063	-1.78620763	-0.038127652	-1.328000156	-1.350986935	2.57974486	-0.450564857	6.254548405	1.027052586	2.422274691	0.342832008	4.661697767	0.165121045	-0.361866516	0.238181813	-1.747763007	-1.879231266	0.996065742	1.096930754	0.198558686	1.730409987
YBR169C	SSE2	-0.350461043	1.859778318	-0.06720031	2.985828035	-0.221942212	0.946631688	-0.411683966	1.503151375	-1.971566366	-2.27556719	-1.484198236	-0.323244586	0.174762208	0.075926445	2.814686836	-0.196168298	5.120596635	1.399822048	2.794606378	0.172659348	4.74185076	1.649145366	-1.670125658	0.052178454	-1.75248847	0.180115971	0.510384517	1.019328435	1.445702613	2.810439694
YKL124W	SSH4	-0.178071904	1.08748595	0.03882466	1.281383938	-0.346962995	0.673907256	-0.50367305	0.808234989	-1.340471516	-1.170700754	-1.044046852	-0.151898511	0.443709277	0.3750839	0.607440236	0.102709056	1.697483469	1.183222053	1.408815307	-0.110585494	1.849115322	1.106972148	-1.050723666	0.060333615	-0.392677906	0.223311142	-0.449225902	0.074206308	0.801951895	1.097544905
YLR250W	SSP120	-0.11037787	0.125304389	-0.128785989	0.334512743	-0.232095038	-0.195231215	-0.301795447	0.514736016	-0.359285315	-0.218245459	0.235512874	-0.140219384	0.402806265	0.416718439	0.736234291	-0.018230154	0.27816307	0.335396249	0.92742925	0.018002666	0.371397148	0.303648219	-0.533219734	0.030830327	-0.392609511	0.19990629	-0.229800319	0.083832282	-0.113541595	0.153080508
YDR169C	STB3	0.001065675	0.082754085	0.093171596	-0.087217524	0.075963438	-0.056517681	0.042500352	-0.010704531	-0.495124116	-1.261799581	-0.735615964	0.183623123	-0.159169103	-0.187748054	1.47774547	0.159727531	0.290432137	0.062578695	0.951651599	-0.179639074	0.386865926	0.231478184	-0.746765259	0.060919654	-0.966714835	-0.279891066	-0.199024928	0.382553429	-0.097662789	-0.051413338
YGR008C	STF2	-0.418096055	2.41232019	0.060571659	3.408839236	0.205293144	2.101061106	-0.389044403	2.576173807	-3.027614009	-2.424810384	-0.761750751	-0.309484516	0.534072141	0.765932762	4.263617303	-0.415061412	5.617147494	2.476570605	3.020678395	0.321942442	4.510597956	2.712207651	-3.437579825	-0.269708296	-2.56881279	0.516868126	-0.220020705	0.223480283	2.08075649	3.278343876
YPR151C	SUE1	-0.122760033	1.38905732	-0.404879453	2.448801603	-1.083262454	0.728721207	-0.86351619	1.520349209	-2.566219102	-1.165062305	0.261274075	-0.282001582	0.703879412	0.765376497	3.603119758	-0.064153227	3.989206557	1.606219852	3.283054576	0.061421527	4.106132908	1.445742205	-2.354593311	0.253867243	-1.296237485	1.181654432	0.11102321	0.367532548	1.294410686	2.519525187
YMR291W	TDA1	-0.67845731	0.180587514	-0.400510085	0.621876751	-0.564554675	-0.55520347	-0.143403036	0.700825097	-1.373473081	-1.881746573	-1.283404531	-0.153838238	0.049488389	-0.184145794	1.345444966	-0.043672871	2.327943313	0.581212853	0.811028679	0.04238957	2.227404265	0.676061235	-1.820515067	-0.155479041	-1.587311919	-0.442763186	-0.696794358	-0.187046146	-0.200940373	0.5985408
YLR178C	TFS1	-0.800790633	2.092138587	-0.450527243	3.798893098	-0.000789203	1.581031833	-0.58429016	2.477058867	-2.051157312	-2.764383064	-1.079210641	-0.306263874	0.366506336	0.282966944	4.995520619	-0.240069376	5.882528847	3.307157126	3.912961699	0.205762092	5.418099144	2.882762878	-2.821590574	0.345602329	-2.080949986	0.246829204	0.885021871	1.487666088	1.816943376	3.835821836
YLR327C	TMA10	-0.140426443	3.136235594	-0.839136721	2.903048278	0.466025124	3.015147981	-0.175542079	2.974587519	-3.33802049	-0.914915215	1.433112566	-0.276305278	1.336078917	1.377562877	3.887260121	-0.641393271	5.430153655	2.763784256	3.007870523	0.442446174	5.177867234	3.160486765	-2.475408694	0.033038772	-1.261981306	1.133472731	-0.431164918	-0.205077775	2.782042412	2.835488637
YDL110C	TMA17	-0.432940824	2.183370433	0.162091205	3.139672203	-0.241465454	1.351099215	-0.413402435	2.194433816	-1.760044457	-0.586288271	0.08653888	-0.112810742	1.148081922	1.171124552	3.211511856	0.068586249	4.126844612	2.694072473	2.540490535	-0.072010323	3.707551548	2.414710654	-1.624047531	0.417464042	-0.365695593	1.181285274	0.603314637	0.513907528	2.32325274	2.891127267
YJR066W	TOR1	0.155879908	-0.463196838	0.131125771	-0.578724203	0.027622153	-0.395544408	0.00736437	-0.465301726	-0.320162513	-1.158379881	-0.955239338	-0.027817387	-0.596244741	-0.795894014	1.453764668	0.022484337	0.416324302	-0.565917265	0.79963547	-0.02284031	-0.00753378	-0.526991024	-0.188983456	-0.140840075	-0.998805136	-0.933736041	-0.143135234	-0.28293614	-0.55264443	-0.702665887
YGL096W	TOS8	-0.465083948	0.209346272	-0.308731065	0.530896617	-0.623666398	-0.164619278	-1.201066269	-0.028059483	-1.451313252	-1.725384703	-1.016152972	-0.682575109	-0.504486845	-0.436880344	1.781394812	0.360995663	1.894313778	0.526497095	2.105746123	-0.482597201	1.4640942	0.599795853	-1.370502615	0.214045289	-0.774797224	-1.144649043	-0.345921754	-0.387975035	1.229175437	-0.095897719
YPL203W	TPK2	0.050892915	0.967647614	0.07712604	1.561974518	0.067519815	0.721594543	0.021178656	1.030223827	-0.902159934	-1.180229396	-0.006317038	0.037809631	0.349352669	0.327295042	1.967929352	-0.133460067	1.565348534	0.600347347	1.836143697	0.122152656	1.82141786	0.881313117	-1.146612807	0.226893568	-1.155106494	0.364855256	-0.141831318	0.355914036	0.823695318	1.223123473
YBR126C	TPS1	-0.201462655	1.521776561	-0.016943968	2.265532147	0.151194358	1.41779908	-0.122848312	1.648402677	-1.664177773	-1.379169082	-0.285647248	-0.039550357	0.404557942	0.475662742	3.064797887	-0.009435687	3.665424664	1.605105128	2.239640631	0.009374376	2.927903141	1.732042123	-2.022189309	-0.127453921	-1.76321825	0.615675315	-0.058750694	0.088280472	1.073607151	2.075607058
YDR074W	TPS2	-0.60481219	0.377529311	-0.370509711	1.041399029	0.045603393	0.900047801	-0.320436138	1.035081162	-1.399653083	-1.626087759	-0.600052916	-0.17377799	-0.395254631	-0.360324647	2.723791607	-0.061048786	2.803098011	0.924084941	1.372964111	0.058569995	1.998123976	0.960113759	-1.950676795	-0.401313692	-1.570573775	-0.519879196	-0.49880683	-0.200996166	0.067766256	0.874468115
YGR209C	TRX2	0.225355312	1.001733041	0.2388462	1.862214132	0.511109546	0.937795246	0.373432573	1.121416088	-0.765383438	-1.159911152	-0.180075024	0.425431543	0.456170565	0.398455145	2.758750486	-0.166568697	3.060435541	1.391584193	2.765586302	0.149312417	2.701596343	1.208748601	-0.61717554	0.308468265	-0.781021201	0.241010053	0.725758537	0.720687104	0.522438761	1.677051759
YDR453C	TSA2	0.052268808	2.081854386	0.550561752	3.41978463	0.433858606	2.174623331	0.03843306	2.485775994	-1.101807239	-1.316140786	0.012262308	-0.275630165	-0.125412796	0.444536213	4.570317989	-0.484251976	7.343469121	3.456302613	4.184993142	0.36191697	6.347491696	1.975454274	-1.073397882	1.212352903	-0.429780698	0.650188126	2.534319721	2.924282958	1.806250674	3.168021476
YML100W	TSL1	-0.511591871	1.703771414	-0.186347687	3.084845872	-0.033465166	1.701688115	-0.21602985	1.867231666	-2.0627719	-3.292726353	-1.578064075	-0.352507538	-1.049497131	-1.002911256	3.683894475	-0.008704764	4.939103783	2.187069347	2.543465358	0.008652557	4.410963556	2.314967214	-2.447875522	-0.506669538	-2.787742528	-1.377886059	-0.730224671	-0.182911118	1.274855385	2.746475536
YDR059C	UBC5	-0.397120433	1.803250614	0.23465238	2.387757618	0.086979088	0.989887647	-0.091292572	1.880686075	-0.886500861	-0.407732174	0.847019532	0.033141667	1.5144904	1.431186502	2.392465402	-0.204890961	2.106785202	1.8743809	2.019076899	0.179378229	2.568877442	1.696775139	-1.39863271	-0.271748841	-0.102631115	1.442440103	0.379980005	0.49490204	1.561020596	2.246469634
YEL012W	UBC8	0.113716302	1.083040889	0.121509464	1.359382657	0.2520851	0.820075122	-0.04617162	1.1132433	-1.249636356	-0.680347753	0.04256342	0.35798066	0.606725642	0.635475441	2.808085995	-0.344165609	2.117739598	1.019045537	2.61447453	0.277671244	2.14756987	1.200161902	-1.088355981	0.209166559	-0.525880981	0.651103333	0.001130423	0.278492393	0.937322545	1.333625179
YLL039C	UBI4	-0.601010107	0.617384184	-0.313389704	1.135969007	-0.041918221	0.211346308	-0.222658722	0.64232306	-0.688220409	-0.553723308	0.032142757	-0.284057114	0.20703084	0.218014734	3.137112275	-0.001451519	2.143057299	0.742993334	2.715692917	0.001450061	1.846439735	0.609755548	-0.682389155	-0.36197603	-0.693103869	0.096341397	-0.196329891	-0.067388987	0.327898782	0.927853896
YMR304W	UBP15	-0.875575257	0.569723627	-0.297639477	0.772329082	0.098200251	0.660891932	-0.332662147	0.987166545	-1.492250476	-1.253039885	-0.452560688	-0.066510351	0.346582864	0.08048031	2.346413529	-0.344829835	2.245802065	0.905256956	1.952850414	0.278102723	1.668432385	1.01429756	-1.486099388	-0.174981036	-1.404711504	0.160282013	-0.888790149	-0.452619779	0.189731908	0.831487136
YJL048C	UBX6	0.071408325	1.658826882	0.210200692	2.326020464	-0.025580801	0.763196742	-0.367674118	0.492034947	-1.000208572	-0.253672199	-0.092470713	-0.307254117	0.34623343	0.435384968	2.901336235	-0.134453769	2.758802791	1.00543512	1.994589192	0.122984486	2.405555413	1.197113255	-0.809557088	-0.173689035	-0.251161981	0.34143958	0.611245344	0.683913823	1.444655385	2.056771638
YGR019W	UGA1	0.081529767	1.453592586	0.194543932	2.318260963	0.439795832	1.3881714	0.163205714	1.42542075	-1.533678107	-1.576466094	0.058217806	0.344442426	0.446605132	0.475143243	4.200072971	-0.228301291	3.723598629	1.334310786	4.150161186	0.197060902	3.739563986	1.4141662	-1.653367134	0.239032646	-2.061090414	0.342543501	0.89258819	0.990642398	1.324758472	2.09669806
YBR006W	UGA2	-0.20632561	1.579731763	-0.00190665	2.028553239	0.213165846	1.254112247	0.004558186	1.287548217	-1.406680853	-0.566659935	0.886054831	0.162914257	0.071412046	0.111266423	4.676577284	-0.080658271	4.103643177	1.132395109	4.057518869	0.076386592	3.60272542	0.914868579	-1.825755125	0.150518689	-1.331232612	0.290943979	-0.193888357	0.448117571	1.133852275	1.535596535
YKL035W	UGP1	0.22469957	1.486935087	0.254105566	1.970715003	0.23888999	1.19969971	0.249120532	1.332703846	-1.134981726	-0.938887524	-0.573452918	0.055650426	0.548165626	0.622866498	1.979599281	-0.006721907	2.77380752	2.018694933	1.576328139	0.006690733	2.011757617	1.522577041	-1.569468177	-0.015212594	-0.865864619	0.588260222	-0.077409385	0.100924087	1.049716237	1.771165015
YMR271C	URA10	0.469794127	1.782451021	0.0060229	2.717001124	0.394898375	1.482764656	-0.107526424	2.016234953	-0.193019015	-0.697950398	-0.539803545	0.025314226	0.442956822	0.756591807	3.991970126	-0.133575241	5.247948841	-1.405745563	4.463347453	0.122249122	5.12995551	1.137751598	0.061171282	0.325146754	-1.625763224	0.507212343	0.579564389	0.940280731	1.574046701	1.847193081
YPL230W	USV1	-0.203759593	1.211720345	-0.016710368	2.816438838	-0.017171758	0.815058924	-0.170366564	1.661254939	-1.948134701	-1.240902062	-0.184344919	-0.154719364	-0.236385074	-0.091218957	2.492228242	0.001925808	3.998331551	1.768192546	2.662442224	-0.001928382	3.962067249	1.425745535	-1.133341213	-0.49082356	-2.01039288	-0.384419215	-0.73386976	0.628951895	1.502263048	2.875867488
YEL005C	VAB2	0.098214967	1.145248093	0.263542295	1.35820581	0.224312662	0.281188673	0.08926999	0.642953137	-0.530566549	-1.330205872	-1.077995818	0.203180812	0.456145745	0.003639686	1.707813775	-0.49769107	1.909418006	0.263375867	2.154990028	0.369338766	2.068255627	0.693989822	-1.695897084	0.274213873	-0.809536767	0.415032253	0.159567493	0.435654054	0.238283128	0.958367135
YGL104C	VPS73	-0.347092131	0.712315364	-0.085753272	1.437736332	-0.151272185	0.539062093	-0.330131844	0.850939383	-2.066952287	-2.66416462	-0.828866446	-0.208738515	0.263118721	-0.023069515	2.313168571	-0.260637348	2.406974212	0.396809616	1.691389245	0.220677796	2.01055498	0.766346373	-1.692830599	-0.357868491	-2.987549376	0.092881298	-0.326403914	0.553991715	0.745682422	1.228661781
YMR197C	VTI1	-0.018323166	1.261658155	0.239302069	1.653976022	0.239876514	0.801716463	0.054756319	0.944866257	-0.473073256	-0.013276569	0.231855088	0.112278577	0.938257386	0.95875668	2.468121572	-0.19388395	1.637207538	1.110686133	1.974289904	0.170887834	1.722551025	1.248402115	-0.326474221	0.023422928	-0.225279423	1.077080012	0.374401563	0.607217704	1.04954511	1.574188528
YJL141C	YAK1	-0.524854165	1.12273476	-0.209622329	1.717107026	-0.230793052	0.915881563	-0.358036218	1.173741673	-1.152640361	-1.305359062	-0.31971276	-0.487720893	-0.105370965	-0.09477498	2.458805191	-0.03544515	3.116021862	1.276460922	1.261120364	0.03459515	2.52250595	1.449291961	-1.754665449	-0.96536638	-0.87415218	-0.128387511	-0.686461849	-0.054995488	0.687995016	1.412488369
YBR056W	YBR056W	-0.32055093	1.583786616	-0.034467776	2.003165163	0.144698692	1.155670274	-0.211646527	1.41588442	-2.059850216	-1.946150936	-0.084137026	-0.01110201	0.817446793	0.828544194	3.038841656	-0.196948611	2.235618162	1.394144351	2.064350928	0.173263341	2.150827577	1.452340753	-2.728437021	0.181037029	-2.03217469	0.808556235	0.086177334	0.551377936	1.069598566	2.029566462
YBR139W	YBR139W	-0.197220256	1.327703803	-0.069404738	2.049733606	0.316330082	1.00066653	0.127124346	1.591831223	-1.554964336	-2.683676875	-1.027173197	0.069063693	0.418963564	0.463630827	2.989330719	-0.020462827	2.894957575	1.467029264	3.105470845	0.020176642	2.51615772	1.347473654	-1.706768536	0.012817528	-3.036290567	0.544817192	-0.013757399	0.270484442	0.921880143	1.671400585
YCR004C	YCP4	-0.178783509	0.768198793	-0.045223797	0.76486193	-0.367235806	-0.04972661	-0.247333641	0.428590795	-1.644558932	-1.707495679	-1.289147128	-0.180494615	-0.091796931	-0.193840027	0.756950067	-0.014641376	0.382587093	0.442505194	1.050810638	0.014494278	0.769210033	0.496474965	-1.610254951	0.341906436	-1.524433931	-0.296202654	0.629445316	0.612986564	0.48412777	0.745230039
YCR061W	YCR061W	-0.148255376	0.39969218	-0.074383867	1.11216944	-0.184191295	0.190772623	-0.716368487	0.053979157	-1.236305202	-1.693451892	-1.426258874	-0.117042017	-1.265329094	-1.108836375	2.154595249	-0.022400653	2.61346332	-0.290283214	1.581079692	0.022058151	1.846641221	-0.154392102	-1.144030598	-0.608303971	-1.177638186	-1.102871866	0.575734457	0.612236517	-0.104610415	0.614436439
YPL087W	YDC1	0.057023116	0.605765078	0.010344158	0.9640245	-0.00421105	0.546997533	-0.148570414	0.739599485	-1.472750313	-2.333542722	-0.960584608	-0.153811499	-0.083344896	-0.189332902	2.402723869	-0.099732425	0.886920323	0.271512332	1.865289704	0.09328154	0.99935317	0.478734346	-1.713744096	0.008150744	-1.983077034	-0.314477258	0.298546542	0.304700124	0.460283592	0.584631422
YDL124W	YDL124W	-0.461850981	0.775760948	-0.056674332	1.546236839	0.321251074	0.476810159	-0.075975579	0.937913721	-1.343941952	-2.337520118	-0.844880122	0.082668454	-0.417625213	-0.453171126	2.245484515	-0.00582868	2.43864895	0.98678875	1.764202804	0.005805226	1.73307279	0.984622954	-1.446734989	0.101407506	-2.352349561	-0.660773808	0.622759186	0.96665065	0.369571223	1.462914675
YKL065C	YET1	-0.421637312	0.35710837	-0.227556035	1.372285293	-0.393328292	-0.090230507	-0.24639191	1.327584959	-1.161762241	-0.545176293	0.442634449	-0.009807488	0.802421646	0.823477275	2.158349638	-0.152412309	1.908730166	1.213929239	2.213402466	0.13783825	2.115856635	1.105086053	-1.396384965	0.109608123	-0.644694831	0.732820438	0.213942461	0.462366586	0.369684728	1.224843815
YGL010W	YGL010W	0.88791848	2.555974436	0.375429096	2.529759917	0.162767318	1.605286032	0.303149937	1.165974744	-0.846333192	-0.336267356	-0.578793483	0.232580934	1.158138862	0.987181056	1.838055183	-0.351061487	2.154191934	1.222123157	2.180321573	0.282134877	2.600918441	1.474284804	-0.621565543	0.354786699	-1.106194195	0.793171139	0.916388619	0.36747657	2.396331168	2.609146547
YNL160W	YGP1	-1.05373473	1.987445421	-0.678510936	2.868233016	-1.405176731	1.215473675	-1.39567934	2.023995146	-2.469176027	-1.264499796	-5.027228241	-0.598901574	0.659146798	0.639969453	1.055106851	-0.350214475	3.104706624	2.525453399	1.212284548	0.281588505	1.774363701	2.211140624	-1.818950535	0.563384999	-0.855586785	0.411636318	1.767552529	1.962255129	1.926611096	2.715582127
YGR149W	YGR149W	-0.812147794	-0.248711559	-0.158137066	0.878371587	-0.177658946	-0.508080026	-0.233096867	0.809206531	-1.574762772	-1.584303777	-0.423293307	-0.439651149	0.18073909	0.08962768	2.269119193	-0.042489462	2.080493566	0.57922765	2.306843957	0.041273803	2.341329988	0.796334148	-2.34960725	-0.431322454	-1.68275866	0.031165852	-0.485194814	-0.092464284	-0.702839634	0.827400425
YGR250C	YGR250C	-0.48259607	1.369545752	-0.102607669	1.898734317	-0.360977605	0.486070518	-0.366739269	1.128021753	-0.924390428	0.040481242	-0.014080009	-0.225022798	1.028983014	0.906741018	0.791784294	-0.10816744	1.901486831	1.620060264	0.913377448	0.100620066	1.867813888	1.596297725	-0.641347647	-0.059813267	0.233708242	1.121660207	0.02875947	0.243143262	1.436744123	1.762842161
YHR097C	YHR097C	-0.287053741	0.86798608	-0.05393012	1.279411968	0.253494348	0.1175294	-0.490127787	0.671932118	-1.378159108	-1.291487399	-0.112154188	-0.153420816	-0.38478148	-0.266820191	3.367957055	0.009641989	2.194253368	0.464854879	1.488897427	-0.009706863	1.96740605	0.75271616	-1.440714955	-0.537670679	-1.61605411	-0.544273434	-0.335868445	0.244676848	0.88982289	1.29352291
YHR112C	YHR112C	-0.199544057	1.899765622	-0.031190878	1.715452066	0.121843742	1.00122919	0.028166887	1.181934962	-0.487391211	-0.182887786	0.590958024	0.012336191	0.843064012	1.074922543	2.812981498	-0.136551694	2.444633412	1.264674204	2.649764912	0.124737211	2.373122671	1.437740302	-0.830121974	0.143330828	-0.180910445	0.994711138	0.44886906	0.58840478	1.433710734	1.647930508
YHR138C	YHR138C	-0.322669133	1.046405142	-0.037057783	2.073819383	0.518460989	1.315816876	-0.160176573	1.720552741	-1.367651757	-0.509742219	0.859089792	-0.010599865	0.993172025	0.778050949	3.895968881	-0.211267775	4.400398585	1.134994346	2.568342715	0.184244934	3.54699288	1.319783713	-0.902510058	-0.125037173	-0.718847825	0.523914386	-0.183512975	0.438344932	0.870133577	1.681969634
YJL068C	YJL068C	-0.083995572	1.44627718	-0.084694458	1.841033313	0.177060041	1.199615739	-0.038768155	1.332921846	-1.838381943	-1.585021544	-0.663874322	0.074038304	0.766529717	0.7474555	2.586626891	-0.28589866	2.452810986	1.416198565	2.305601393	0.238504987	2.511047641	1.443924211	-1.674125304	0.266835841	-1.450403354	0.618326856	0.529882093	0.957415039	1.180639386	1.897805897
YJL144W	YJL144W	-0.142805893	1.915134251	0.305218515	2.315001358	1.084719677	1.482603922	0.462178438	1.121404436	-0.09594382	-0.332937498	1.520723335	0.187302048	0.315890383	0.26301726	5.100830706	-0.125928418	4.660867513	0.912595572	4.031467824	0.115813508	4.358118409	1.520626108	0.968222335	-0.803498749	-0.084790865	0.267718083	1.396422705	1.411066684	2.121098631	2.802325809
YJR008W	YJR008W	-0.550128739	1.944545352	0.09402495	2.901762347	-0.193264035	1.148169584	-0.384900246	2.208460542	-1.501725945	-1.08937404	-0.014880286	-0.107572285	0.884216835	0.987311781	3.671061341	0.191556313	4.432957771	1.902819617	3.499604171	-0.220942011	4.090509426	1.995912713	-1.899485626	-0.342063354	-1.670002191	0.794951704	-0.198375664	-0.062210409	1.933258413	3.005661257
YJR096W	YJR096W	-0.110328515	1.223387619	0.074069877	2.492360047	-0.059331556	0.847670395	-0.284716881	1.333777588	-1.471237296	-1.746134315	-0.44711516	-0.179366608	-0.275573237	0.058699228	2.932396047	-0.139092689	4.941607739	1.262881906	2.677841087	0.126853851	3.793762745	1.328620734	-1.491644781	-0.214175154	-2.594101434	-0.369859493	0.261922094	0.325293982	0.656113461	2.125931913
YKL091C	YKL091C	-0.076562481	1.27918144	0.09954667	1.694149014	0.296272824	0.833049249	-0.031790527	1.338106676	-1.682088843	-1.272892944	-0.379755524	0.034949243	0.693354309	0.466879294	2.520346305	-0.143346012	2.914397627	1.090263525	1.987042815	0.130381613	2.005055604	1.284626022	-1.103468367	0.431920126	-3.140119103	0.426295844	0.421112998	0.559611371	0.974160476	1.655187678
YKL100C	YKL100C	0.027446119	-0.225042463	0.115399389	0.240762785	0.091487686	-0.01101435	-0.027395279	0.10919352	-0.80026062	-1.872630161	-1.433243962	0.043421257	-1.055830699	-0.964987963	1.465514226	0.087103476	1.448397872	-0.160330844	1.702015709	-0.092702232	0.987272217	-0.311426446	-1.127330421	0.001539322	-2.257239892	-0.769473315	0.159505785	0.345500279	-0.342999761	0.134518845
YKL151C	YKL151C	-0.82826567	1.871105685	-0.175613141	3.058318441	0.01918976	1.636481583	-0.56510923	1.913672865	-2.049705609	-1.22934209	0.08095365	-0.136333713	0.719827604	0.829503584	3.85775987	-0.184501491	5.986132126	2.602007388	3.014289737	0.163559167	5.032638387	2.173610732	-2.656260326	-0.541799988	-1.725879281	0.423392867	-0.197041895	-0.243178262	1.327147855	2.737319204
YLR290C	YLR290C	0.312351997	0.782277454	0.310646494	1.464467302	0.275083491	0.873559088	0.126370215	0.962150055	-0.547170301	-1.314185134	-0.700012104	0.0333553	0.408149896	0.420362163	2.303005417	-0.226774775	2.332537021	0.546307963	2.13772073	0.19592313	2.153125409	1.010635833	-1.04760005	0.727981904	-1.485707168	0.712101668	0.431403272	0.46671924	1.037094156	1.247195197
YMR302C	YME2	-0.211747478	0.459092076	-0.025076756	0.56587276	-0.260037146	-0.024922544	-0.299015715	0.057750107	-1.568142322	-1.303236229	-1.248496228	-0.268638888	-0.33716429	-0.323373946	0.918474325	-0.138516008	0.920609653	0.256779673	0.909834878	0.126374077	0.547008259	0.279244694	-1.252381128	-0.127373046	-1.471116564	-0.152701108	0.121001374	0.126468352	0.401161356	0.56181701
YML131W	YML131W	-0.767672332	1.480048844	-0.307589042	1.902662163	0.15940094	2.170607236	0.075012723	2.396019424	0.309255941	1.606848799	2.64808831	0.028342728	2.328242408	2.240391473	1.656964503	-0.323224436	3.085531489	2.425457472	1.563242925	0.263897987	2.733055186	2.516717771	0.129644572	0.026823847	1.859417947	2.354908845	-0.994570125	-0.946924579	1.0873693	1.683869709
YMR315W	YMR315W	-0.772857176	0.235254351	-0.358367621	0.722118269	-0.697062342	-0.359315455	-0.48978684	0.736167006	-1.607850107	-0.64396576	-0.035354887	-0.025254557	0.5881192	0.638949603	1.125959485	-0.143456625	0.611226774	0.87125531	2.00593652	0.130473104	0.809398188	0.765619494	-1.573617638	0.006226469	-0.657568404	0.617792417	0.118264254	0.578186872	0.293478448	0.721633635
YKL067W	YNK1	0.392143918	1.767451842	0.434984622	2.208519656	0.409757018	1.25365847	0.050668091	1.514549649	-1.3112324	-1.501790589	-0.367717543	0.107660594	0.852649751	0.844395607	1.959524915	-0.182100809	3.022666553	1.602467183	1.773859397	0.161670289	3.15315714	1.527105687	-1.675324932	0.28147131	-1.76528298	0.819454765	0.334513106	0.569932246	1.704025949	2.154762133
YNL134C	YNL134C	0.198692623	0.818089855	0.290518717	1.733199308	0.837172482	1.540747215	0.381648906	1.086890314	-1.022205969	-0.68256572	0.355969258	0.474595086	0.620564527	0.645381166	2.518652817	-0.859544763	1.94108987	0.487806935	2.614138461	0.534931703	1.993835425	1.261815818	-0.048554602	0.069253986	-0.077017953	0.685241941	0.898269261	0.13575478	0.837866252	1.310121006
YNL200C	YNL200C	-0.270389804	2.337541956	0.214901241	3.248298122	-0.032236746	1.808995382	-0.07581536	2.368464397	-2.68840792	-1.744776749	-0.279401583	-0.054803846	1.505722811	1.476968351	3.296132063	-0.218071831	4.396731438	2.115192608	3.025891119	0.189396122	4.022320853	2.466656183	-2.491557201	-0.264414352	-1.825971689	1.197248967	0.637777882	0.87844042	1.809857498	3.136174175
YNL208W	YNL208W	-0.538722131	0.728038736	-0.349225141	1.325420105	-0.137752764	0.432690737	-0.526787441	0.920871822	-1.424378219	-0.027723992	1.336973631	-0.251412531	0.634823691	0.693470046	2.572797313	-0.098076858	2.390269597	1.172859003	1.793548564	0.091831729	2.113739328	1.182295815	-1.258849263	0.26865577	0.15289698	0.74027146	0.960202859	1.121537535	0.973878703	1.407344076
YOR052C	YOR052C	-0.102179029	1.497132711	-0.175891147	1.815408999	0.111606649	1.148992465	-0.294872952	1.480687192	-0.379764939	-0.334752894	0.35682005	-0.286582823	0.559690798	0.561525318	2.218216682	-0.231256715	2.119347688	1.387498468	1.865854665	0.199257738	2.266226034	1.193949854	-0.371574657	-0.424912427	-0.337509716	0.473428782	0.059449976	0.07465922	1.119984682	1.491587666
YOR152C	YOR152C	0.120182298	1.152362024	-0.26093508	1.92951899	-0.128036907	0.743424574	-0.179758086	1.027380351	-1.273999455	-1.569447811	-0.292705815	-0.233250136	0.447930997	0.354356248	3.669899165	-0.076665022	2.843086342	1.065780032	2.476643672	0.072795779	2.61721164	0.602422626	0.269441978	0.169578738	-1.755157116	-0.002605316	0.545662432	0.69689969	1.124984187	1.951685116
YBR183W	YPC1	-0.260787126	1.771864606	0.071983548	2.847649124	-0.196600264	1.489801616	-0.54537482	2.556068335	-1.951921955	-1.582701784	-0.593859719	0.067295235	1.411569635	1.442667386	2.452648402	-0.184804292	3.722575933	2.470616321	2.447517822	0.163797015	3.576756956	2.561199824	-2.130769135	0.246226564	-1.435226814	0.89316379	0.111568355	0.232691302	1.345485709	2.547746868
YPR098C	YPR098C	0.098187062	1.350837748	0.447556368	2.221744422	0.269042687	0.695309745	0.1156697	0.940248656	-1.267537221	-1.574686556	-0.596565242	0.2762834	0.45360033	0.395193067	2.691720887	-0.035035103	2.850873031	1.121905833	2.394312923	0.034204426	2.622492755	1.396257818	-0.871022631	0.298146383	-1.261019632	0.317692447	0.859921611	1.027644085	1.205280871	1.985193279
YDR368W	YPR1	-0.999906574	-0.274454218	-0.758879636	0.303455409	0.056630557	0.619217536	-0.142340678	0.805904733	-0.866566892	-0.986317649	-0.079549807	0.078742353	0.509904809	0.392117097	1.63115409	-0.130733684	1.674486264	1.068201863	1.419659712	0.119864981	1.590245092	0.90920619	-0.692014664	-0.099427991	-0.670556954	0.508131388	-0.373061115	-0.010323971	-0.473692498	-0.063745757
YIR039C	YPS6	0.194167362	2.042966511	0.590977983	2.668011708	0.011527042	1.467002228	0.014613956	1.884649389	-1.663728788	-0.773472868	-0.063902255	0.747064167	1.45616824	1.4337226	3.294977338	-0.573193459	2.862209386	2.152325436	3.635317657	0.409116779	3.269118115	1.810563305	-2.166968142	0.553515545	-1.377374192	1.464716084	0.523522623	0.890364087	2.000487186	2.547221552
YNL241C	ZWF1	-0.221851311	0.574927238	-0.130129878	0.316843155	0.158372967	0.047830432	-0.149755715	0.237647743	-0.72510233	-1.563180812	-0.300295232	0.100803407	-0.130986866	-0.20162158	1.266078657	-0.165187047	0.909156754	0.296265436	1.002530191	0.148201494	0.41309973	0.264879975	-0.553517431	0.169278786	-1.07536911	-0.12227312	0.195628373	0.132899417	0.532840361	0.411133607